version: 1
creator: callgrind-3.11.0
pid: 7504
cmd:  ./um umbin/midmark.um
part: 1


desc: I1 cache: 
desc: D1 cache: 
desc: LL cache: 

desc: Timerange: Basic block 0 - 2977937582
desc: Trigger: Program termination

positions: line
events: Ir
summary: 17473199317


ob=(3) /usr/lib64/libc-2.17.so
fl=(88) /usr/src/debug/glibc-2.17-c758a686/libio/fileops.c
fn=(358) _IO_file_fopen@@GLIBC_2.2.5
268 1
+12 1
-12 8
+11 3
+2 4
438 8
289 2
-20 1
+37 8

ob=(1) /usr/lib64/ld-2.17.so
fl=(21) /usr/src/debug/glibc-2.17-c758a686/elf/../sysdeps/unix/sysv/linux/dl-sysdep.c
fn=(60) _dl_discover_osversion
45 7
+2 3
+85 8
-45 3
cfi=(22) /usr/src/debug////////glibc-2.17-c758a686/posix/../sysdeps/unix/syscall-template.S
cfn=(62) uname
calls=1 -6 
* 5
* 1
+15 1
-15 1
+20 1
-1 1
+3 12
+4 3
-2 6
+2 10
+2 1
+1 2
-3 4

ob=(3)
fl=(88)
fn=(358)
306 14
-2 2
+43 1
233 1
+1 2
-1 1
+4 1
cfi=(89) /usr/src/debug////////glibc-2.17-c758a686/io/../sysdeps/unix/syscall-template.S
cfn=(360) open
calls=1 81 
* 7
* 1
+4 2
+3 1
-1 1
+1 2
+3 2
-3 1
+3 1
+10 2
cfi=(87) /usr/src/debug/glibc-2.17-c758a686/libio/genops.c
cfn=(356) _IO_link_in
calls=1 100 
* 11
367 3
cfi=(90) /usr/src/debug/glibc-2.17-c758a686/string/../string/strstr.c
cfn=(364) __GI_strstr
calls=1 53 
* 25
* 1
+1 3
-62 2
-21 1
-1 1
-15 2

fn=(418) _IO_file_read
1252 64
cfi=(89)
cfn=(420) read
calls=16 81 
* 112

fn=(508) _IO_file_xsputn@@GLIBC_2.2.5
1329 362
+7 362
-7 2534
+6 724
+69 2896

fn=(560) _IO_file_finish@@GLIBC_2.2.5
211 4
+1 2
+7 1
-1 2
+1 2
-1 1
cfi=(87)
cfn=(562) _IO_default_finish
calls=1 689 
* 24

fn=(550) _IO_file_close_it@@GLIBC_2.2.5
167 3
+2 1
-2 1
+2 2
+4 1
+3 1
-3 1
-1 2
+6 1
+3 1
-3 1
cfi=(87)
cfn=(552) _IO_unsave_markers
calls=1 1122 
* 9
+3 2
+4 3
+9 5
cfi=(87)
cfn=(412) _IO_setb
calls=1 400 
* 39
+1 2
+3 1
-3 1
+1 3
+2 1
cfi=(87)
cfn=(548) _IO_un_link
calls=1 61 
* 10
+5 2
-4 1
+1 1
+1 1
+2 1
+1 4
-23 1
fi=(99) /usr/src/debug/glibc-2.17-c758a686/libio/libioP.h
957 3
+2 2
+1 2
fe=(88)
181 2
cfn=(554) _IO_file_close
calls=1 1293 
* 7
* 2

fn=(400) _IO_file_underflow@@GLIBC_2.2.5
559 128
+8 48
+6 48
+3 32
+13 32
fi=(99)
886 48
fe=(88)
609 32
cfi=(87)
cfn=(416) _IO_switch_to_get_mode
calls=16 183 
* 384
+11 16
-5 16
fi=(99)
959 16
fe=(88)
615 32
fi=(99)
959 16
fe=(88)
616 16
+2 16
fi=(99)
960 16
fe=(88)
617 32
fi=(99)
960 16
fe=(88)
620 64
cfn=(418)
calls=16 1252 
* 176
+2 32
+10 15
-3 15
+3 30
+2 30
+1 168
-56 3
+5 2
cfi=(87)
cfn=(402) _IO_doallocbuf
calls=1 415 
* 143

ob=(1)
fl=(21)
fn=(60)
120 3
-1 3
+4 3
-2 3
+2 10
+5 2

fl=(23) /usr/src/debug/glibc-2.17-c758a686/elf/dl-load.c
fn=(94) _dl_map_object
2094 6
+12 12
-12 6
+12 6
-12 54
+12 6
-12 12
+12 12
+12 30
-12 45
+5 54
+1 36
+2 54
cfi=(31) /usr/src/debug/glibc-2.17-c758a686/elf/dl-misc.c
cfn=(96) _dl_name_match_p
calls=18 304 
* 1245
* 39
2399 48
2141 6
+11 12
-56 6
+92 6
-2 3
+2 3
cfi=(25) /usr/src/debug////////glibc-2.17-c758a686/string/../sysdeps/x86_64/rtld-strchr.S
cfn=(70) index
calls=3 40 
* 175
* 6
2330 6
cfn=(98) expand_dynamic_string_token
calls=1 419 
* 390
+1 1
-3 1
+4 1
-1 2
+4 6
cfn=(100) open_verify
calls=1 1681 
* 328
+3 1
-3 1
+3 1

ob=(3)
fl=(88)
fn=(400)
584 2
+41 1
-1 1
+1 2
+10 1
-4 1
+4 7

fn=(406) _IO_file_stat
1270 2
+1 6
cfi=(97) /usr/src/debug/glibc-2.17-c758a686/io/../sysdeps/unix/sysv/linux/wordsize-64/fxstat.c
cfn=(408) _fxstat
calls=2 36 
* 20

fn=(354) _IO_new_file_init_internal
144 1
+4 1
-4 3
+5 1
-1 1
+3 1
cfi=(87)
cfn=(356)
calls=1 -51 
* 82
+1 1
+1 4

fn=(512) _IO_file_overflow@@GLIBC_2.2.5
831 724
+1 543
+7 1263
+35 362
+3 362
+3 543
+1 543
+1 724
+4 181
+1 724
-45 2
+12 2
+9 4
+8 1
-4 1
+3 2
-2 2
-3 1
+1 2
+5 1
-1 1
+1 1

ob=(1)
fl=(23)
fn=(94)
2350 9
+2 6
+44 3
+1 21
-1 3
+1 15
cfn=(106) _dl_map_object_from_fd
calls=3 916 
* 6576
* 3
2192 4
cfi=(10) /usr/src/debug////////glibc-2.17-c758a686/string/../sysdeps/x86_64/rtld-strlen.S
cfn=(20) strlen
calls=2 28 
* 121
* 2
+2 2
-2 2
+2 2
+7 8
+35 4
+1 30
cfn=(128) open_path
calls=2 1945 
* 1872
* 6
+6 12
687 2
2244 2
687 4
2322 4
-97 10
+21 4
+6 8
+2 6
+4 4
cfi=(39) /usr/src/debug/glibc-2.17-c758a686/elf/dl-cache.c
cfn=(132) _dl_load_cache_lookup
calls=2 185 
* 3222
+2 2
-2 2
+2 2
+5 6
+8 4
+28 20
cfn=(100)
calls=2 1681 
* 1218
+3 2
-3 2
+3 4
+1 4
-79 14
687 2
2227 2
687 4
2205 2
+8 10
-7 4
-1 2
+8 16
-3 6
687 2
2211 2
687 4
2119 45
+3 6
+2 6
-1 12
+1 6
cfi=(19) /usr/src/debug////////glibc-2.17-c758a686/string/../sysdeps/x86_64/strcmp.S
cfn=(54) strcmp
calls=6 134 
* 105
* 12

fn=(128)
1945 16
+1 2
-1 10
+7 2
-7 2
+1 2
+6 4
+5 34
+74 2
-74 2
-7 2
-1 2
+82 2
-22 2
-52 2
+52 8
-40 2
-9 2
+9 4
-9 2
+9 2
+7 16
cfi=(18) /usr/src/debug////////glibc-2.17-c758a686/string/../sysdeps/x86_64/memcpy.S
cfn=(68) mempcpy
calls=4 61 
* 116
+1 4
-1 4
+1 12
-13 8
+33 16
-20 38
+3 32
+4 80
cfi=(18)
cfn=(68)
calls=10 61 
* 198
* 40
cfi=(18)
cfn=(68)
calls=10 61 
* 230
* 10
+3 10
+3 20
+3 70
cfn=(100)
calls=10 1681 
* 400
* 10
+2 30
+26 8
+2 4

ob=(3)
fl=(88)
fn=(512)
871 2
+1 2
+12 14
-1 7
+1 7
-1 7
cfn=(518) _IO_do_write@@GLIBC_2.2.5
calls=7 516 
* 693
* 14
-39 2
cfi=(87)
cfn=(402)
calls=1 415 
* 156
+1 6

fn=(518)
516 7
+2 14
-2 35
+2 7
+12 28
+7 28
+8 7
fi=(99)
959 14
+1 14
fe=(88)
545 28
cfn=(520) _IO_file_write@@GLIBC_2.2.5
calls=7 1302 
* 301
* 7
+1 21
+6 7
-4 7
+4 7
-4 21
+1 14
+3 7
-2 7
-32 14
+1 21
-1 7
+1 7
-1 7
+1 14
+32 14
-4 28

fn=(554)
1293 2
cfi=(89)
cfn=(556) __close_nocancel
calls=1 81 
* 5

fn=(640) _IO_file_sync@@GLIBC_2.2.5
893 4
+5 4
+2 1
+1 2
+17 1
+4 1
-4 1
+4 3

fn=(520)
1302 49
+2 35
+11 7
+1 7
-12 14
+5 7
-1 21
+1 14
cfi=(89)
cfn=(522) write
calls=7 81 
* 49
+1 14
+9 21
+3 63

fn=(636) _IO_file_setbuf@@GLIBC_2.2.5
468 2
+1 1
cfi=(87)
cfn=(638) _IO_default_setbuf
calls=1 +89 
* 67
* 2
+4 2
-1 2
+2 3
+2 1
+1 2

fl=(97)
fn=(408)
36 2
-1 2
+1 2
+1 12
+4 2

fl=(106) /usr/src/debug/glibc-2.17-c758a686/stdio-common/vfprintf.c
fn=(504) vfprintf
222 1991
+35 543
1271 544
+4 905
+11 362
+11 181
fi=(115) /usr/src/debug/glibc-2.17-c758a686/stdio-common/printf-parse.h
109 362
fe=(106)
1297 905
fi=(115)
109 181
cfi=(107) /usr/src/debug////////glibc-2.17-c758a686/string/../sysdeps/x86_64/strchrnul.S
cfn=(506) strchrnul
calls=181 -83 
* 4163
fe=(106)
1312 181
fi=(115)
109 181
fe=(106)
1308 181
+4 362
+4 181
fi=(116) /usr/src/debug/glibc-2.17-c758a686/stdio-common/../libio/libioP.h
957 181
+2 181
-2 543
+2 362
+1 362
fe=(106)
1316 1086
cfi=(88)
cfn=(508)
calls=181 +13 
* 3439
* 543
2058 362
cob=(2) ???
cfi=(16) ???
cfn=(514) 0x0000000004f478c8
calls=181 0 
* 1448
+1 362
cob=(2)
cfi=(16)
cfn=(514)
calls=181 0 
* 1448
+2 905
+3 181
+1 1448
1271 360
+41 1267
+1 2715
2061 905
+1 543
1316 362
+4 181
-4 181
+4 362
+4 1267
270 181
-6 181
-3 181
1301 181
-8 181
227 181
1372 1448
-3 181
-1 181
-17 181
+1 181
+1 181
+1 181
+1 181
+1 181
+1 181
+1 181
+1 181
+1 181
+1 181
+3 181
+1 181
1554 362
-21 543
1372 1629
2056 362
1654 362
+8 181
fi=(115)
109 543
fe=(106)
1662 181
fi=(115)
109 181
fe=(106)
1662 181
fi=(115)
109 181
cfi=(107)
cfn=(506)
calls=181 -83 
* 4163
fe=(106)
1666 181
fi=(116)
959 181
fe=(106)
1662 181
fi=(116)
960 181
-1 362
+1 543
fe=(106)
1666 1267
cfi=(88)
cfn=(508)
calls=181 1329 
* 3439
* 905
-10 181
+10 1448
+2 181
-2 181
+2 181
-33 1991

ob=(1)
fl=(23)
fn=(128)
2023 2
+36 2
+27 16
-84 16
+1 72
+6 16
+2 24
-2 8
+2 8
cfi=(38) /usr/src/debug/glibc-2.17-c758a686/io/../sysdeps/unix/sysv/linux/wordsize-64/xstat.c
cfn=(130) _xstat
calls=8 36 
* 98
* 16
+1 2
+2 2
-2 2
+2 16
+7 4
-44 4
+37 12
+7 12
-44 14
+85 20
+7 4
-2 4
+2 12
+3 6
+14 6
-72 12

fn=(72) fillin_rpath
489 7
+2 1
-2 9
+4 3
cfi=(17) /usr/src/debug/glibc-2.17-c758a686/elf/dl-minimal.c
cfn=(74) strsep
calls=1 340 
* 243
* 6
cfi=(17)
cfn=(74)
calls=2 340 
* 207
* 9
+3 4
cfi=(10)
cfn=(20)
calls=2 28 
* 89
+4 2
-4 2
+4 2
+7 12
+12 25
+1 10
+18 4
+4 6
+1 6
-1 2
+1 2
-2 2
cfi=(17)
cfn=(40) malloc
calls=2 93 
* 68
* 2
+3 2
-3 2
+3 6
+5 2
+1 6
-2 2
+2 2
cfi=(18)
cfn=(68)
calls=2 61 
* 58
+3 2
-3 2
+3 2
-2 2
+2 2
+1 1
+5 4
+1 2
-1 4
+1 26
+1 20
+3 2
-1 4
+1 2
+7 2
+1 2
+3 6
-68 4
+5 4
+3 6
+23 4
+42 1
+3 9
-14 4

fn=(64) _dl_init_paths
710 1
+15 2
-15 8
+15 3
cfi=(24) /usr/src/debug/glibc-2.17-c758a686/elf/dl-hwcaps.c
cfn=(66) _dl_important_hwcaps
calls=1 39 
* 346
+5 1
-5 1
+5 1
cfi=(17)
cfn=(40)
calls=1 93 
* 34
* 1
+1 1
-1 1
-1 1
+2 1
+8 1
-1 1
+1 1
-1 4
+5 4
cfi=(17)
cfn=(40)
calls=1 93 
* 34
* 1
+2 1
-2 1
-1 1
+3 1
+7 1
+10 1
+9 1
-20 1
+12 1
-1 1
+3 1
+1 1
-1 1
+6 9
+1 10
+2 2
-12 1
+12 1
-14 1
+2 1
+3 1
-2 1
+3 1
-1 8
+1 3
+6 11
-1 2
+14 1
-11 1
+6 1
+1 1
+5 2
+4 3
+32 4
+8 3
cfi=(25)
cfn=(70)
calls=1 40 
* 115
* 2
+2 2
cfi=(10)
cfn=(20)
calls=1 28 
* 86
* 17
cfi=(18)
cfn=(46) memcpy
calls=1 61 
* 31
* 1
+17 3
-1 2
+3 1
+1 3
+1 1
-4 3
+2 26
+1 78
+1 26
-4 79
+8 1
cfi=(17)
cfn=(40)
calls=1 93 
* 34
* 1
+1 1
-2 1
+2 1
+6 7
cfn=(72)
calls=1 489 
* 920
+4 3
+6 1
+4 8
-72 1
-2 1
+2 2
+11 2
-46 2
+61 4

fn=(106)
916 33
+11 3
-11 3
+11 3
-11 9
+11 3
cfi=(26) /usr/src/debug/glibc-2.17-c758a686/elf/dl-debug.c
cfn=(76) _dl_debug_initialize
calls=3 51 
* 24
+4 9
-4 3
+4 3
cfi=(33) /usr/src/debug/glibc-2.17-c758a686/io/../sysdeps/unix/sysv/linux/wordsize-64/fxstat.c
cfn=(110) _fxstat
calls=3 36 
* 30
* 6
+11 21
+1 9
-1 27
+1 36
461 3
1633 24
960 6
+25 6
+10 6
+22 3
-89 3
+89 9
+35 21
cfi=(15) /usr/src/debug/glibc-2.17-c758a686/elf/dl-object.c
cfn=(32) _dl_new_object
calls=3 62 
* 1477
+1 3
-1 3
+1 3
+11 6
+5 3
-5 3
+1 6
+1 3
+2 3
-2 3
+2 12
+1 9
+1 3
+24 57
+8 3
-8 6
+8 3
-8 9
+8 3
+99 3
1095 3
1201 3
1096 3
-11 3
1201 6
+8 12
1103 45
-1 184
+1 133
+6 6
+1 9
+1 3
+9 30
+6 12
+1 6
-1 24
+7 24
+11 6
+2 6
-1 6
+4 6
-5 6
+1 6
-1 12
+2 6
-1 6
+2 6
+3 6
+4 6
-9 6
+2 6
+1 6
+1 6
+1 6
+4 6
+1 9
+5 6
-16 3
+16 15
+10 3
-10 6
-16 3
+16 15
+10 3
+3 3
+5 1
-1 1
+3 1
-1 1
-1 1
+1 1
+3 3
+1 2
+3 2
+4 4
+6 1
cfi=(27) /usr/src/debug/glibc-2.17-c758a686/elf/../elf/dl-tls.c
cfn=(140) _dl_next_tls_modid
calls=1 52 
* 6
* 2
+1 1
+60 6
+1 9
+1 3
-6 6
+1 3
1114 2
+1 7
1262 9
+13 24
+2 6
+14 3
+5 18
cfi=(34) /usr/src/debug/glibc-2.17-c758a686/misc/../sysdeps/unix/sysv/linux/wordsize-64/mmap.c
cfn=(112) mmap
calls=3 32 
* 105
+4 3
-4 3
+4 3
+7 3
+1 3
-1 3
+1 3
+2 3
-3 3
+1 3
+2 3
+10 3
+2 3
+33 18
+1 9
+2 12
+8 24
+6 3
+2 3
-2 3
+1 3
+2 3
-1 3
+1 3
-1 9
+8 6
+3 6
+11 21
cfi=(36) /usr/src/debug////////glibc-2.17-c758a686/string/../sysdeps/x86_64/rtld-memset.S
cfn=(116) memset
calls=3 30 
* 1998
+1 15
+5 6
+15 6
-74 30
+2 12
+2 24
cfi=(34)
cfn=(112)
calls=3 32 
* 93
* 6
1065 3
1421 12
+9 6
fi=(3) /usr/src/debug/glibc-2.17-c758a686/elf/get-dynamic-info.h
38 3
fe=(23)
1430 3
fi=(3)
38 3
+6 3
-2 3
+2 6
+7 3
+5 3
+3 3
-1 3
-3 3
-3 66
+10 15
-18 45
+8 58
+10 58
-18 174
+18 2
-18 6
+2 150
+5 68
+2 8
+16 6
+20 12
+1 12
+1 12
+1 12
+2 12
+5 12
+1 11
+1 11
+35 9
+5 2
+2 2
-2 2
+2 2
+2 4
+2 4
+1 1
+2 9
+10 2
-8 4
+9 4
-1 2
+5 4
+1 2
+2 6
fe=(23)
1436 6
+16 9
+19 6
+2 15
+51 9
+1 2
+3 2
cfi=(32) /usr/src/debug////////glibc-2.17-c758a686/io/../sysdeps/unix/syscall-template.S
cfn=(120) close
calls=1 81 
* 5
* 4
cfi=(32)
cfn=(120)
calls=2 81 
* 10
* 6
+8 15
+3 9
+2 3
-2 3
+2 3
+16 6
cfi=(6) /usr/src/debug/glibc-2.17-c758a686/elf/dl-lookup.c
cfn=(10) _dl_setup_hash
calls=3 865 
* 60
+4 6
+1 6
+17 6
+1 1
+3 1
+6 1
-6 1
+1 2
+5 1
-6 2
+6 2
-6 2
+1 4
+5 2
+10 6
+10 9
cfi=(15)
cfn=(48) _dl_add_to_namespace_list
calls=3 33 
* 132
+4 9
fi=(3)
56 8
fe=(23)
1317 3
-1 15
cfi=(35) /usr/src/debug////////glibc-2.17-c758a686/misc/../sysdeps/unix/syscall-template.S
cfn=(114) mprotect
calls=3 81 
* 15
* 3
fi=(3)
59 8
+1 2
+1 8
fe=(23)
1359 10
+2 2
-1 6
+1 4
-1 2
+1 4
-1 4
+3 8
+43 8
cfi=(34)
cfn=(112)
calls=1 32 
* 31
+3 2
1536 6
937 2

fn=(100)
1681 130
+36 13
-36 26
+36 26
+21 52
cfi=(32)
cfn=(102) open
calls=13 81 
* 105
+1 13
-1 13
+1 13
+10 3
+1 6
+5 18
cfi=(32)
cfn=(104) read
calls=3 81 
* 15
+2 6
+2 3
+2 3
-2 3
+2 3
-2 3
+8 6
+16 15
cfi=(14) /usr/src/debug/glibc-2.17-c758a686/string/../string/memcmp.c
cfn=(30) bcmp
calls=3 319 
* 258
* 6
+2 3
-2 6
+4 12
cfi=(14)
cfn=(30)
calls=3 319 
* 240
-4 6
+60 6
+5 6
+3 12
+5 6
+7 3
+1 3
-1 12
+1 9
+1 3
+15 127
+1 42
+4 8
+1 4
+13 2
+1 2
+2 2
-3 2
+1 2
-1 2
+1 2
-2 2
+4 4
+5 2
+1 2
-13 8
cfi=(14)
cfn=(30)
calls=2 319 
* 146
* 8
cfi=(14)
cfn=(30)
calls=2 319 
* 160
* 8
+16 4
+6 2
-3 2
+1 2
+1 2
+1 4
+1 8
-4 2
+1 2
+1 2
-1 6
-1 2
+4 4
+5 10
+8 96
1814 1
1931 8
1783 8
cfi=(14)
cfn=(30)
calls=2 319 
* 176
* 4

fn=(98)
419 9
+10 2
-10 1
+10 1
cfi=(25)
cfn=(70)
calls=1 40 
* 169
* 2
161 2
cfi=(10)
cfn=(20)
calls=1 28 
* 97
* 1
+1 2
cfi=(17)
cfn=(40)
calls=1 -69 
* 34
* 1
+2 2
444 1
167 2
444 6
167 2
cfi=(18)
cfn=(46)
calls=1 61 
* 56

ob=(3)
fl=(106)
fn=(504)
1635 3077
cfi=(87)
cfn=(510) __overflow
calls=181 240 
* 9976
* 543

fl=(114) /usr/src/debug/glibc-2.17-c758a686/posix/../sysdeps/unix/sysv/linux/_exit.c
fn=(642) _Exit
28 2
+4 1
+2 2

fl=(109) /usr/src/debug/glibc-2.17-c758a686/libio/iofclose.c
fn=(546) fclose@@GLIBC_2.2.5
40 3
+14 1
-14 1
+14 3
+3 18
+4 3
-3 2
fi=(99)
885 2
+1 3
fe=(109)
63 1
fi=(99)
957 3
+2 2
+1 2
fe=(109)
63 3
cfi=(88)
cfn=(560)
calls=1 211 
* 36
+1 3
+18 6
+2 1
+1 2
cob=(2)
cfi=(16)
cfn=(514)
calls=1 -85 
* 110
+4 5
-10 2
-24 1
cfi=(87)
cfn=(548)
calls=1 +6 
* 80
* 3
+4 2
cfi=(88)
cfn=(550)
calls=1 167 
* 120
* 3
fi=(99)
886 6
fe=(109)

fl=(95) /usr/src/debug/glibc-2.17-c758a686/libio/getc.c
fn=(394) getc
36 120441
+3 120441
-3 120441
+3 1806615
+1 722598
fi=(99)
885 240882
+1 963528
fe=(95)
43 361323
-3 32
cfi=(87)
cfn=(396) __uflow
calls=16 364 
* 2608
* 32

fl=(112) /usr/src/debug/glibc-2.17-c758a686/stdlib/cxa_finalize.c
fn=(596) __cxa_finalize
30 6
+17 2
-17 10
+4 8
+4 12
-4 6
+32 8
+4 12
-4 6
+12 4
+3 2
-2 2
+2 12
-2 2
cfi=(113) /usr/src/debug/glibc-2.17-c758a686/nptl/../nptl/sysdeps/unix/sysv/linux/unregister-atfork.c
cfn=(598) __unregister_atfork
calls=2 -43 
* 14

fl=(74) /usr/src/debug////////glibc-2.17-c758a686/setjmp/../sysdeps/x86_64/bsd-_setjmp.S
fn=(306) _setjmp
33 1
+2 1
cfi=(75) /usr/src/debug////////glibc-2.17-c758a686/setjmp/../sysdeps/x86_64/setjmp.S
cfn=(308) __sigsetjmp
calls=1 -9 
* 28

fl=(62) /usr/src/debug/glibc-2.17-c758a686/csu/../csu/init-first.c
fn=(238) _init
52 8
+6 6
+17 1
fi=(63) /usr/src/debug/glibc-2.17-c758a686/csu/../sysdeps/unix/sysv/linux/x86_64/init-first.c
-35 2
fe=(62)
+33 1
+1 1
fi=(63)
-34 1
-2 2
fe=(62)
+37 1
fi=(63)
-37 3
+2 1
cfi=(46) /usr/src/debug/glibc-2.17-c758a686/elf/../sysdeps/unix/sysv/linux/dl-vdso.c
cfn=(176) _dl_vdso_vsym
calls=1 -13 
* 7
+1 2
+5 2
-3 2
+1 1
+2 1
cfi=(46)
cfn=(176)
calls=1 -19 
* 7
fe=(62)
+43 1
fi=(63)
-39 1
fe=(62)
+39 2
fi=(63)
-39 2
+1 2
+1 1
fe=(62)
+37 1
cfi=(64) /usr/src/debug/glibc-2.17-c758a686/misc/init-misc.c
cfn=(242) __init_misc
calls=1 -59 
* 68
+8 1
cfi=(66) /usr/src/debug/glibc-2.17-c758a686/ctype/ctype-info.c
cfn=(246) __ctype_init
calls=1 -65 
* 16
+5 6
-35 1
-9 1
+9 4
fi=(63)
-25 2
fe=(62)

fl=(83) /usr/src/debug/glibc-2.17-c758a686/elf/dl-addr.c
fn=(336) _dl_addr
126 9
+5 1
-5 2
+5 2
cob=(1)
cfi=(2) /usr/src/debug/glibc-2.17-c758a686/elf/rtld.c
cfn=(50) rtld_lock_default_lock_recursive
calls=1 917 
* 2
+3 6
+1 4
+1 20
+1 2
30 1
+1 1
-1 1
+4 2
+5 1
+6 1
-7 1
+2 2
+2 1
-2 1
+2 1
+3 1
+5 7
+2 1
+1 2
-1 1010
+1 2020
+2 4961
+6 11170
+2 8936
+1 16325
+7 2234
-2 2234
+2 5479
-21 2022
+49 3
+1 1
+1 3
+3 2
+41 3
cob=(1)
cfi=(2)
cfn=(52) rtld_lock_default_unlock_recursive
calls=1 923 
* 2
+3 9
-13 9
-19 1
+1 1
+23 2

fl=(87)
fn=(398) _IO_default_uflow
435 16
fi=(99)
957 32
fe=(87)
435 16
fi=(99)
957 16
fe=(87)
435 32
+1 16
fi=(99)
959 32
+1 32
fe=(87)
436 32
cfi=(88)
cfn=(400)
calls=16 559 
* 1637
+1 32
+2 60
+1 64

fn=(396)
364 64
+2 49
+6 80
+3 32
+2 32
+6 32
+7 16
fi=(99)
957 48
+2 32
+1 32
fe=(87)
390 16
+1 16
-1 16
+1 32
-1 16
cfn=(398)
calls=16 +45 
* 2017
-24 30
+22 48

fn=(412)
400 15
+1 14
+3 3
+2 12
-3 3
+3 6
+3 12
-7 7
cfi=(108) /usr/src/debug////////glibc-2.17-c758a686/misc/../sysdeps/unix/syscall-template.S
cfn=(540) munmap
calls=1 81 
* 5
* 4

fn=(628) _IO_cleanup
1013 1
+3 1
-3 6
+3 1
cfn=(630) _IO_flush_all_lockp
calls=1 825 
* 92
-63 1
+63 1
-63 2
fi=(99)
+4 2
fe=(87)
+8 1
fi=(99)
-8 2
fe=(87)
-2 9
+2 2
-1 4
+3 4
+6 16
+8 5
+10 1
fi=(99)
-24 2
+1 2
fe=(87)
+23 4
cfi=(88)
cfn=(636)
calls=1 468 
* 82
+3 2
+7 3
-40 9
+75 9
-53 1
+4 1
-4 1
+2 1
+1 1
+1 1
-2 1
+3 4
+6 3
+1 8

fn=(356)
100 8
+1 6
+4 1
-2 2
+2 5
+1 10
+2 1
-2 1
+1 1
+1 1
-2 1
+2 1
-2 1
+2 14
+2 1
-2 1
+4 1
+2 1
-3 1
-1 1
+4 7
+2 1
-1 1
+1 8
+1 2
+3 8
-6 7

fn=(402)
415 6
+1 2
-1 2
+1 2
+6 8
-4 6
+1 2
fi=(99)
957 6
+2 4
+1 4
fe=(87)
419 4
cfi=(96) /usr/src/debug/glibc-2.17-c758a686/libio/filedoalloc.c
cfn=(404) _IO_file_doallocate
calls=2 96 
* 249
* 4

fn=(510)
240 362
+2 543
+2 181
fi=(99)
957 543
+2 362
+1 362
fe=(87)
244 181
+1 362
-1 181
cfi=(88)
cfn=(512)
calls=181 831 
* 6899

fn=(548)
61 12
+1 6
+4 6
+1 10
+2 1
-2 1
+1 1
+1 19
+2 3
+2 2
+13 1
+2 1
-2 1
+2 4
+2 1
-1 1
+1 6
+1 2
+3 12
-6 6
-13 1
+1 1
-1 2

fn=(638)
558 1
fi=(99)
957 2
fe=(87)
558 2
fi=(99)
957 1
fe=(87)
558 5
+1 1
fi=(99)
959 2
+1 2
fe=(87)
559 2
cfi=(88)
cfn=(640)
calls=1 893 
* 17
* 2
+9 1
-7 1
+7 1
-7 1
401 1
563 1
+1 1
-1 1
+1 1
401 4
+7 1
-5 1
+1 1
+4 1
571 2
+2 1
-2 1
+1 3
+2 6

fn=(352) _IO_old_init
633 1
-16 1
+1 1
+15 1
+5 1
-21 1
+2 1
+1 1
+1 1
+17 1
-16 1
+1 1
+1 1
+1 1
+1 1
+1 1
+2 1
+1 1
+1 1
+1 1
+6 1
+1 4

fn=(630)
825 8
+6 3
+6 1
-11 1
+10 1
+2 2
fi=(99)
957 2
fe=(87)
842 1
fi=(99)
957 2
fe=(87)
841 3
-1 3
+1 3
+3 9
+10 6
+4 3
-2 3
+2 6
+7 3
-27 6
+31 2
+2 3
+4 9
-31 12

fn=(350) _IO_no_init
650 9
+1 1
cfn=(352)
calls=1 -18 
* 25
+3 1
-2 1
+2 1
+2 1
+1 1
+1 1
+1 1
+1 1
+1 1
+1 1
+1 1
+1 1
+1 1
+1 1
+1 1
+2 1
+3 1
+1 6

fn=(416)
183 64
+1 48
+3 48
+5 16
-1 32
+1 16
+7 16
-4 16
+2 32
+2 16
+1 16
+1 64

fn=(552)
1122 1
+2 1
-2 1
+2 1
+19 3
+2 2

fn=(562)
689 2
+2 3
+6 3
+3 3
+6 1
+6 1
-6 1
cfn=(548)
calls=1 61 
* 10

fl=(82) /usr/src/debug/glibc-2.17-c758a686/malloc/arena.c
fn=(334) ptmalloc_init.part.7
383 6
+11 1
-8 1
+8 1
+7 3
+2 5
+16 2
-71 92
+16 46
-18 141
464 2
+5 2
+1 2
+2 1
+1 7
-78 5
cfi=(83)
cfn=(336)
calls=1 126 
* 56499
* 2
+1 4
-47 12
+1 6

fl=(50) ???
fn=(186) memcpy@GLIBC_2.2.5
0 15

fl=(89)
fn=(420)
81 32
cfn=(422) __read_nocancel
calls=16 * 
* 80

fn=(524) __write_nocancel
81 35

fn=(360)
81 2
cfn=(362) __open_nocancel
calls=1 * 
* 5

fn=(422)
81 80

fn=(522)
81 14
cfn=(524)
calls=7 * 
* 35

fn=(362)
81 5

fn=(556)
81 5

fl=(107)
fn=(506)
26 362
+1 362
+1 362
+1 362
+1 362
+1 362
+1 362
+1 362
+1 362
+1 362
+1 362
+1 362
+1 362
+1 362
+1 362
+1 362
+1 362
+1 362
+1 362
+1 362
+12 362
+1 362
+1 362

fl=(105) /usr/src/debug/glibc-2.17-c758a686/stdio-common/fprintf.c
fn=(502) fprintf
27 1267
+4 181
+1 181
-1 905
+1 181
cfi=(106)
cfn=(504)
calls=181 222 
* 71334
+4 362

fl=(65) /usr/src/debug////////glibc-2.17-c758a686/string/../sysdeps/x86_64/strrchr.S
fn=(244) __GI_strrchr
25 1
+1 1
+1 1
+1 1
+1 1
+1 1
+1 1
+1 1
+1 1
+1 1
+1 1
+1 1
+1 1
+1 1
+1 1
+1 1
+1 1
+1 1
+1 1
+1 1
+1 1
+1 1
+1 1
+2 1
+1 1
+1 1
+1 1
+1 1
+1 1
+1 1
+1 1
+1 1
+1 1
+2 1
+1 1
+1 1
+1 1
+7 1
+1 1
+1 1
+1 1
+1 1
+1 1
+1 1

fl=(113)
fn=(598)
36 2
-8 4
+11 4
+82 4

fl=(98) /usr/src/debug/glibc-2.17-c758a686/misc/../sysdeps/unix/sysv/linux/wordsize-64/mmap.c
fn=(410) mmap
32 259
+1 259
-1 2331
+1 777
+1 2590
+2 1813
-3 518

fl=(104) /usr/src/debug////////glibc-2.17-c758a686/string/../sysdeps/x86_64/multiarch/memcpy-ssse3-back.S
fn=(486) __memcpy_ssse3_back
59 52
+14 52
+1 52
+4 37
+1 37
+8 148
+7 15
+1 15
+32 15
+2 15
+1 15
+1 15
+2 15
+1 15
+1 15
+1 15
+1 15
+1 15
+1 15
+1 15
+1 15
+1 15
+1 15
+1 15
+51 15
+2 15
+1 15
+1 15
+1 15
+1 15
+1 15
+1 15
+1 15
+1 15
+1 15
+1 15
+1 15
+1 15
+1 15
+1 15
+1 15
+1 15
+1 15
+1 15
+1 15
-19 541
+1 541
+1 541
+1 541
+1 541
+1 541
+1 541
+1 541
+1 541
+1 541
+1 541
+1 541
+1 541
+1 541
+1 541
+1 541
+1 541
+1 541
+1 541
+1 541
+2 15
+1 15
+1 15
+1 15
+1 60
2259 22
+1 22
+2 22
+1 22
+2 22
+1 22
+2 22
+1 22
+2 22
+1 22
+2 22
+1 22
+2 22
+1 22
+2 22
+1 22
+2 22
-18 1
+1 1
+2 1
+1 1
+2 1
+1 1
+2 1
+1 1
+2 1
+1 1
+2 1
+1 1
+2 1
-6 5
+1 5
+2 5
+1 5
+2 5
-3 4
+1 4
+2 12
2556 1
+1 1
+2 1
+1 1
+2 1
+1 1
+2 1
+1 1
+2 1
+1 1
+1 1
+1 1
+1 1
+4 11
+1 11
+1 11

fl=(108)
fn=(540)
81 16
+1 4

fn=(526) mremap
81 10
+1 2

fl=(81) /usr/src/debug/glibc-2.17-c758a686/malloc/hooks.c
fn=(440) realloc_hook_ini
37 9
+1 1
fi=(82)
385 1
fe=(81)
39 1
-1 1
fi=(82)
385 2
fe=(81)
39 1
fi=(82)
385 1
fi=(80) /usr/src/debug/glibc-2.17-c758a686/malloc/malloc.c
2966 2
+4 2
+4 2
+5 1
-2 1
+2 1
+2 1
-2 1
+2 2
+3 3
+6 4
+1 2
+7 8
+2 2
fe=(81)
42 9
fi=(80)
2982 1
+44 6
+4 6
cfn=(444) _int_realloc
calls=1 4217 
* 58
* 1
+2 4
+4 4
-66 2
fe=(81)

fn=(332) malloc_hook_ini
30 2
fi=(82)
385 3
fe=(81)
29 3
cfi=(82)
cfn=(334)
calls=1 383 
* 56840
* 1
+4 1
-1 1
cfi=(80)
cfn=(331) malloc'2
calls=1 2888 
* 1220

fl=(85) /usr/src/debug/glibc-2.17-c758a686/misc/sbrk.c
fn=(346) sbrk
34 328
+8 328
-8 984
+8 1965
+4 656
+4 1261
+3 316
cfi=(86) /usr/src/debug/glibc-2.17-c758a686/misc/../sysdeps/unix/sysv/linux/x86_64/brk.c
cfn=(348) brk
calls=316 -22 
* 4870
* 632
+4 370
-14 656
cfi=(86)
cfn=(348)
calls=328 -12 
* 4264
* 1312
+1 254
+13 1270
-5 2
+1 4

fl=(47) /usr/src/debug////////glibc-2.17-c758a686/string/../sysdeps/x86_64/multiarch/strnlen.S
fn=(178) strnlen
30 1
+1 1
+1 1
+1 1
+2 1

fl=(46)
fn=(176)
27 4
-1 4
+1 4
+4 8
-3 8

fl=(100) /usr/src/debug////////glibc-2.17-c758a686/string/../sysdeps/x86_64/memcpy.S
fn=(446) __GI_memcpy
61 27
+2 27
+2 27
+3 22
+1 22
+11 22
+1 22
+11 22
+1 22
+11 22
+1 22
+2 22
+1 22
+2 22
+1 22
+5 22
+1 22
+23 22
+8 27
+6 27
+2 27
+1 27
+26 27
+1 27
+3 17
+1 17
+1 17
+5 42
+2 42
+1 42
+1 42
+1 42
+2 42
+1 42
+1 42
+1 42
+2 42
+1 42
+2 42
+2 42
+2 42
+1 42
+1 42
+1 42
+2 42
+1 42
+1 42
+1 42
+2 42
+1 42
+2 76
+5 17
+6 17
+1 17
+19 10
+1 10
+1 10
+5 10
+1 10
+4 10
+1 10
+2 12431
+1 10
+6 10
+1 10
+1 10
+3 5
+6 5
+1 5
+2 5
+13 5
+1 5
+1 5
+3 5
+1 5
+1 5
+1 5
+2 4
+2 4
+2 4
+2 4
+3 4
+1 4
+69 1792
+2 1792
+1 1792
+1 1792
+1 1792
+1 1792
+1 1792
+1 1792
+1 1792
+2 1792
+1 1792
+2 1792
+1 1792
+1 1792
+1 1792
+1 1792
+1 1792
+1 1792
+1 1792
+2 1792
+1 1792
+2 1792
+2 1792
+2 1792
+1 1792
+1 1792
+1 1792
+1 1792
+1 1792
+1 1792
+1 1792
+2 1792
+1 1792
+2 1792
+1 1792
+1 1792
+1 1792
+1 1792
+1 1792
+1 1792
+1 1792
+2 1792
+1 1792
+2 1792
+3 4
+2 4
+2 4
+2 4
+6 4
+1 4
+1 4
-2 1
+1 1
+1 1
+2 5
+6 5
+1 5

fl=(110) /usr/src/debug/glibc-2.17-c758a686/stdlib/exit.c
fn=(564) exit
98 2
+1 2
-1 1
+1 1
cfn=(566) __run_exit_handlers
calls=1 -63 
* 2233

fn=(566)
36 9
+5 6
+4 3
-4 3
+4 3
+3 1
-1 1
+2 5
+33 1
+1 1
-1 1
+1 1
+6 2
+1 5
cfi=(87)
cfn=(628)
calls=1 1013 
* 286
* 3
+2 2
cfi=(114)
cfn=(642)
calls=1 -64 
* 5
-19 1
+4 2
-2 2
+2 1
cob=(1)
cfi=(111) /usr/src/debug/glibc-2.17-c758a686/elf/dl-fini.c
cfn=(568) _dl_fini
calls=1 +55 
* 1888
+1 1

fl=(44) /usr/src/debug////////glibc-2.17-c758a686/string/../sysdeps/x86_64/multiarch/strcmp.S
fn=(172) strcasecmp
100 1
+2 1
+1 1
+1 1
+9 1

fn=(180) strncasecmp
120 1
+2 1
+1 1
+1 1
+9 1

fl=(73) /usr/src/debug/glibc-2.17-c758a686/stdlib/cxa_atexit.c
fn=(288) __cxa_atexit
56 6
-22 2
cfn=(290) __new_exitfn
calls=1 +38 
* 39
+2 2
+4 1
+3 1
+1 1
-4 2
+2 1
+4 1
+1 1
+11 4

fn=(290)
72 1
+6 2
-6 3
+6 4
+2 4
-7 2
+9 3
-2 1
+10 1
-10 2
+45 1
+1 1
+3 4
+3 5
-35 2
+14 1
+1 2

fl=(80)
fn=(438) realloc
2958 1744749
+7 387722
+1 387722
+4 387720
+4 387720
+5 193860
-2 193860
+2 193860
+2 193860
-2 193860
+2 387720
+3 581574
+6 775440
+1 387720
+7 1550880
+2 387720
2848 2
+1 2
-1 2
+12 2
-12 2
+9 10
+3 4
+3 20
cfi=(108)
cfn=(526)
calls=2 81 
* 12
+3 8
+9 2
-2 2
-5 2
+5 4
+2 2
+1 2
-3 2
+4 2
-1 2
+1 2
3006 2
+43 1744740
-67 193862
+44 1163148
+4 1163148
cfn=(444)
calls=193858 4217 
* 11363267
* 193858
+2 775432
+4 775432
2878 4
+92 387720
-3 1
+82 7
-82 1
cfi=(81)
cfn=(440)
calls=1 37 
* 140

fn=(330) malloc
2888 5659364
+5 2829682
+1 2829682
+3 9903880
+2 4244520
cfn=(338) _int_malloc
calls=1414840 3351 
* 196761741
+3 1414840
-3 1414840
+3 1414840
+6 2829680
+1 5659360
+5 7074200
-17 8489040
+5 2829680
-7 1
+19 3
-19 1
cfi=(81)
cfn=(332)
calls=1 30 
* 58071

fn=(331)
2888 4
+5 2
+1 2
+3 7
+2 3
cfn=(338)
calls=1 3351 
* 1180
+3 1
-3 1
+3 1
+6 2
+1 4
+5 5
-17 6
+5 2

fn=(340) malloc_consolidate
4113 1352
+22 338
+1 504
+12 168
5023 168
4138 168
+11 168
-1 168
5021 168
+2 168
-2 672
4151 336
+1 336
-1 3024
+1 4557
+22 20850
-1 20850
+1 296508
+4 20992
+4 20992
-3 20992
+1 20992
+2 20992
+1 19450
+1 19450
+3 19450
+1 19450
+1 19450
-2 19450
+12 19450
-12 19450
+3 19450
+9 19450
-12 1542
+1 1542
+1 1542
-2 1542
+12 1542
-12 1542
+3 1542
+9 22388
-41 20846
-3 20846
+3 41692
+1 20846
+1 41692
+2 41692
-4 147
-3 147
+3 294
+1 147
+1 294
+2 294
+1 20376
+2 20376
-1 20376
+2 318084
+3 41986
+3 41984
+4 284
+18 1
+1 1
+4 1
-4 1
+1 1
+3 2
+3 6720
+6 1345
-73 3
1829 1
+2 3
-2 128
+2 378
-2 252
+6 3
+5 1
+2 1
-2 1
4208 8
1839 3

fn=(338)
3351 2829709
-30 2829709
+30 2829709
-30 2829709
+30 2829709
-30 2829709
+30 8489127
-30 16978254
+30 5659418
+4 5659418
+14 5659418
+1 4244520
+1 1414840
+1 1414840
-1 2829680
+5 2829680
+3 115
+1 23
-1 23
+1 46
+26 5659372
+1 5659348
+1 5659348
+2 8489022
+1 162
+3 80
+1 160
+5 80
+1 80
+1 80
+2 240
1902 524
3753 524
1902 1048
3755 524
+58 22637672
3446 91
+1 24
3798 2829606
5023 5659212
3798 8488818
+2 70740150
5021 2829606
+2 2829606
-2 8488818
3467 5659530
+67 1146
+1 2292
+1 764
+45 382
+7 382
-6 382
+1 382
+1 382
+1 382
+3 382
-52 119
+45 119
+7 119
-6 119
+1 119
+1 119
+1 119
+3 119
3467 8490798
+2 2471
-1 2471
+1 4942
+1 4942
+7 2471
+10 9882
+34 504
-5 504
+1 504
+4 504
+12 1002
+6 532
+1 7
+1 7
+3 14
-5 553
+1 15
+1 15
+3 30
-5 485
+1 97
+1 97
+3 194
+34 476
-39 571
-50 2470
-1 4940
+2 2199
-1 4398
+4 1967
+1 3934
+4 3934
-3 3934
+1 3934
+1 3934
+1 1967
+2 1862
+1 1862
+3 13034
+2 3724
-2 1862
+2 1862
+4 1862
1902 1862
3507 1862
1902 3724
3504 735
+2 210
-2 105
+2 105
+4 105
1902 105
3507 105
1902 5658574
3539 252
+58 5655590
+70 2827795
+1 2827795
+1 2827795
-1 2827795
+1 2827795
+1 5655590
+1 5655590
+5 11312596
+2 8482518
+2 11309960
-2 8482458
+2 11309924
-2 5654938
+2 8482398
+95 2827374
+3 2827374
-2 5654748
+2 5654748
+16 954
+1 318
cfn=(340)
calls=159 4113 
* 23070
+2 159
+1 159
-1 159
3688 3262
+1 3262
-2 8074
+7 775
+3 1550
+1 354
+1 354
+1 354
-2 1416
+59 354
3523 3
-1 6
+1 6
1902 3
3526 3
1902 6
3528 6
3382 115
3598 24
+3 36
3446 76
3680 64
+2 16
+1 32
-1 116
+1 232
3446 4
3704 1263
+8 421
-3 842
+3 5409
+3 842
+2 77
-1 77
+1 231
-37 348
+48 344
-5 344
+6 688
+11 344
-6 344
+1 344
+1 344
+1 344
+3 344
+1 344
+1 688
+2 118
+1 118
+2 826
+2 236
-2 118
+2 118
+1 236
-3 1582
+2 452
-2 226
+2 226
+1 452
3412 4
cfn=(340)
calls=1 4113 
* 793
* 3
+34 7
3807 1272
cfn=(342) sysmalloc
calls=318 2280 
* 86445
+1 318
-1 318
+1 318
1902 1272
3782 2826897
-3 2826897
+1 5653794
+2 2826897
-1 2826897
+1 5653794
+2 2826897
-2 8480691
+5 2826897
-5 2826897
+2 2826897
1902 8480691
3712 1428

fn=(496) _int_free
3821 423750
+13 127125
+6 169500
+1 84750
+13 169500
+13 84750
+11 84852
+1 63639
1909 21213
3903 21213
1909 42426
3905 63639
+1 42426
+1 21213
+3 21213
-3 21213
+9 63639
-5 63639
+14 84508
+2 21213
+2 127278
+2 84508
4096 170608
3942 42324
3832 21162
3943 42324
+18 21162
-4 21162
+4 42324
+6 42324
+8 63486
+6 42324
+1 42324
+1 42324
1909 63486
3992 42324
+1 9
+2 9
-1 9
+2 135
+3 42324
+5 42316
+4 21045
+9 21045
-1 21045
+2 42090
-1 113
-1 113
+2 226
+7 21158
-2 21158
+1 21158
+1 21158
+2 201
+1 201
+2 201
+1 201
+2 603
+1 201
+30 402
-34 20957
+1 20957
+2 62871
+1 20957
+30 41922
+1 24
+3 36
+16 42324
+2 84196
+10 168392
3952 126294
+2 42098
+51 1810
+1 226
+64 60
+2 48
cfn=(448) systrim.isra.2
calls=12 2752 
* 1007
* 12
-27 4
+1 12
+1 8
+19 18
cfn=(340)
calls=9 +47 
* 1320539
* 9
-97 339
-2 226

fn=(516) free
2924 84934
+1 84934
+5 84934
+5 42105
-2 42105
+2 84210
+16 126306
+1 126306
cfn=(496)
calls=42102 3821 
* 4818073
-14 9
+1 6
+1 6
+2 3
+1 3
-1 3
+1 3
+1 6
2819 6
+1 3
+6 3
-7 3
+7 18
+7 3
+1 3
+5 3
cfi=(108)
cfn=(540)
calls=3 81 
* 15
* 362

fn=(342)
2280 2862
+21 318
+11 318
-11 636
+11 318
+1 951
+79 315
+20 315
-19 630
+19 630
2718 630
+6 315
+3 315
-3 315
+3 630
+1 315
+3 945
-2 315
+2 630
+1 315
-1 315
-1 315
+1 315
+1 315
+2 315
+6 2520
-6 3
+6 24
-21 630
2314 9
+14 12
+6 6
2463 630
+19 630
-19 1575
+19 630
+8 315
-8 315
+8 315
+21 508
+4 508
+4 508
+2 2286
cfi=(98)
cfn=(410)
calls=254 32 
* 8382
+2 254
-2 254
+2 254
+12 254
+5 2032
2336 24
cfi=(98)
cfn=(410)
calls=3 32 
* 99
+2 9
+34 3
-5 9
+5 12
+3 3
+1 3
-1 3
+1 3
+1 6
2491 1890
cfi=(84) /usr/src/debug/glibc-2.17-c758a686/malloc/morecore.c
cfn=(344) __default_morecore
calls=315 47 
* 21488
+1 315
-1 315
+1 315
+3 1260
+2 122
+1 122

ob=(1)
fl=(10)
fn=(20)
28 18
+1 18
+1 18
+1 18
+2 10
+1 10
+2 10
+1 10
-1 34
+1 34
+1 43
+1 43
+1 43
+2 34
+5 17
+1 17
+1 17
+1 17
+3 17
-6 6
+1 6
+1 6
+1 6
+3 6
+1 19
+1 19
+1 19
+2 19
+3 15
+1 15
+1 15
+1 15
+3 15
+1 14
+1 14
+1 14
+2 14
+3 11
+1 11
+1 11
+1 11
+3 11
+1 7
+1 7
+1 7
+2 7
+3 6
+1 6
+1 6
+1 6
+3 6
+1 6
+1 6
+1 6
+2 6
+3 17
+2 17
+1 17
+1 13
+2 13
+1 13
+1 12
+2 12
+1 12
+1 10
+2 10
+1 10
+1 5
+2 5
+2 5
+1 5
+1 4
+2 4
+1 4
+1 1
+2 1
+1 1
+3 18
+1 18

fl=(35)
fn=(114)
81 32
+1 8

fn=(220) munmap
81 4
+1 1

fl=(41) /usr/src/debug/glibc-2.17-c758a686/elf/dl-version.c
fn=(148) _dl_check_map_versions
174 45
+15 5
-15 10
+15 10
+2 5
+3 5
-3 5
+2 5
+1 5
+2 5
-3 5
+3 5
+3 12
+4 18
+17 3
56 3
220 3
56 3
220 3
56 15
220 1
56 1
220 1
56 1
220 1
56 5
+1 14
-1 28
+2 54
cfi=(31)
cfn=(96)
calls=18 304 
* 1240
* 40
228 12
+5 32
+20 3
-16 87
cfn=(150) match_symbol
calls=2 76 
* 391
* 15
cfn=(150)
calls=5 76 
* 919
* 7
+8 28
+3 29
+9 16
+5 1
+1 1
-80 2
-8 2
+96 15
+3 9
+10 28
-7 112
+3 84
-3 12
+3 9
+8 5
+86 5
-86 5
+87 8
-81 16
cfi=(17)
cfn=(36) calloc
calls=4 102 
* 220
* 4
+1 4
-2 4
+2 4
+11 4
-3 4
+3 8
+2 12
+3 12
+4 12
+18 3
-15 9
+2 9
-2 12
+2 12
+2 7
+1 7
-1 14
+1 7
-1 7
+1 7
+1 7
-2 7
+2 14
+1 21
+3 21
+8 12
+5 1
+1 1
+4 12
+3 12
+20 28
-14 28
-2 28
+2 31
-2 3
+2 3
+4 28
+2 28
-1 56
+1 28
-1 84
+1 28
+1 28
+3 93
+10 4
-1 4
+1 28

fn=(150)
76 77
+9 7
-8 7
-1 14
+1 7
+8 7
+6 21
+18 14
+5 14
+14 114
+12 150
+4 50
-30 100
+16 7
+3 28
cfi=(19)
cfn=(54)
calls=7 +1 
* 623
* 14
+35 56

fn=(146) _dl_check_all_versions
381 6
+4 4
-2 2
+4 35
cfn=(148)
calls=5 174 
* 4429
-2 5
+2 15
-1 5
-1 10
+5 7

fl=(71) /usr/src/debug/glibc-2.17-c758a686/elf/../elf/dl-runtime.c
fn=(282) _dl_fixup
68 24
+6 24
-6 12
+3 12
-1 12
+1 12
+3 12
+1 12
-1 24
+1 36
+1 12
-1 12
+1 24
+9 24
+4 36
+4 22
+1 44
+2 44
+7 36
-1 12
+11 108
cfi=(6)
cfn=(164) _dl_lookup_symbol_x
calls=12 716 
* 13841
* 12
+4 36
+10 72
+16 12
-8 12
+8 36
+4 36
fi=(5) /usr/src/debug/glibc-2.17-c758a686/elf/../sysdeps/x86_64/dl-machine.h
+85 12
fe=(71)
-81 36
-64 2
fi=(102) /usr/src/debug/glibc-2.17-c758a686/elf/../sysdeps/x86_64/dl-irel.h
-55 1
cob=(3)
cfi=(103) /usr/src/debug////////glibc-2.17-c758a686/string/../sysdeps/x86_64/multiarch/memcpy.S
cfn=(484) memcpy@@GLIBC_2.14
calls=1 * 
* 11
* 1
fe=(71)

fl=(70) /usr/src/debug////////glibc-2.17-c758a686/elf/../sysdeps/x86_64/dl-trampoline.h
fn=(280) _dl_runtime_resolve_xsave
71 1
+3 1
+2 1
+10 1
+6 1
+1 1
+1 1
+1 1
+1 1
+1 1
+1 1
+4 1
+1 1
+3 1
+1 1
+2 1
+1 1
+1 1
+1 1
+1 1
+1 1
+2 1
+13 1
+1 1
+1 1
cfi=(71)
cfn=(282)
calls=1 -63 
* 1490
+1 1
+5 1
+1 1
+1 1
+2 1
+1 1
+1 1
+1 1
+1 1
+1 1
+1 1
+2 1
+2 1
+4 1
+3 1

fn=(281) _dl_runtime_resolve_xsave'2
71 11
+3 11
+2 11
+10 11
+6 11
+1 11
+1 11
+1 11
+1 11
+1 11
+1 11
+4 11
+1 11
+3 11
+1 11
+2 11
+1 11
+1 11
+1 11
+1 11
+1 11
+2 11
+13 11
+1 11
+1 11
cfi=(71)
cfn=(282)
calls=11 -63 
* 13184
+1 11
+5 11
+1 11
+1 11
+2 11
+1 11
+1 11
+1 11
+1 11
+1 11
+1 11
+2 11
+2 11
+4 11
+3 11

fl=(18)
fn=(46)
61 21
+2 21
+2 21
+3 21
+1 21
+2 6
+1 6
+2 6
+1 6
+5 6
+1 6
-1 15
+1 15
+2 3
+1 3
+2 3
+1 6
+5 3
+1 3
-1 18
+1 18
+2 4
+1 4
+2 4
+1 4
+5 4
+1 4
-1 17
+1 17
+2 12
+1 12
+2 12
+1 12
+5 12
+1 12
-1 9
+1 19
+5 10
+1 10
+1 10
+1 10
+2 10
+2 10
+1 10
+2 10
+8 21
+8 4
+6 4
+2 4
+1 4
+3 1
+1 3
+5 1
+1 1
+2 1
+2 1
+1 1
+2 1
-8 3
+1 3
+2 3
+2 3
+1 3
+2 5
+9 1
+1 1
-1 3
+1 3
+3 4
+1 4
+1 4
+5 4
+2 4
+1 4
+1 4
+1 4
+2 4
+1 4
+1 4
+1 4
+2 4
+1 4
+2 4
+2 2
+2 2
+1 2
+1 2
+1 2
+2 2
+1 2
+1 2
+1 2
+2 2
+1 2
+2 6
+5 2
+6 2
+1 2
-7 2
+6 2
+1 2

fn=(68)
61 32
+4 32
+3 32
+1 32
+2 13
+1 13
+2 13
+1 13
+5 13
+1 13
-1 19
+1 19
+2 19
+1 19
+2 19
+1 19
+5 19
+1 19
-1 13
+1 13
+2 12
+1 12
+2 12
+1 12
+5 12
+1 12
-1 20
+1 20
+2 18
+1 18
+2 18
+1 36
+5 18
+1 18
-1 14
+1 17
+5 3
+1 3
+1 3
+1 3
+2 3
+2 3
+1 3
+2 3
+6 32
+4 32
+12 1
+2 1
+1 1
+26 1
+1 1
+3 1
+1 1
+1 1
+5 1
+2 1
+1 1
+1 1
+1 1
+2 1
+1 1
+1 1
+1 1
+2 1
+1 1
+2 1
+2 1
+2 1
+1 1
+1 1
+1 1
+2 1
+1 1
+1 1
+1 1
+2 1
+1 1
+2 3
+5 1
+2 1

fl=(29) /usr/src/debug/glibc-2.17-c758a686/elf/dl-error.c
fn=(86) _dl_catch_error
159 42
+9 6
+2 6
cfi=(2)
cfn=(88) _dl_initial_error_catch_tsd
calls=6 877 
* 12
* 6
+1 6
+2 12
-2 6
+2 6
cfi=(30) /usr/src/debug////////glibc-2.17-c758a686/setjmp/../sysdeps/x86_64/setjmp.S
cfn=(90) __sigsetjmp
calls=6 26 
* 120
+1 12
+2 12
+1 12
-1 6
+1 6
cfi=(37) /usr/src/debug/glibc-2.17-c758a686/elf/dl-deps.c
cfn=(126) openaux
calls=5 60 
* 13620
cfi=(2)
cfn=(92) map_doit
calls=1 704 
* 2592
+1 6
+4 6
-4 6
+1 12
+1 12
+1 12
+10 24

fn=(142) _dl_receive_error
197 10
+1 1
cfi=(2)
cfn=(88)
calls=1 877 
* 2
+5 1
-1 1
-4 1
+9 1
+2 1
-3 1
+3 1
cfi=(2)
cfn=(144) version_check_doit
calls=1 736 
* 4528
+2 1
+1 1
+1 8

fl=(42) /usr/src/debug/glibc-2.17-c758a686/elf/dl-reloc.c
fn=(158) _dl_relocate_object
148 50
+15 5
-15 10
+15 5
+1 20
+6 10
+6 15
-18 6
+22 6
+8 10
-33 5
+78 5
fi=(5)
76 5
fe=(42)
233 10
fi=(5)
76 15
fe=(42)
259 224
159 15
fi=(5)
298 24
fe=(42)
-39 3
fi=(4) /usr/src/debug/glibc-2.17-c758a686/elf/do-rel.h
48 3
fe=(42)
259 3
fi=(4)
58 3
fe=(42)
259 3
fi=(4)
47 6
+11 6
fe=(42)
259 2
159 10
fi=(5)
298 16
fe=(42)
-39 2
fi=(4)
48 2
fe=(42)
259 2
fi=(4)
58 2
fe=(42)
259 2
fi=(4)
47 4
+11 4
fe=(42)
259 5
fi=(4)
48 5
fe=(42)
259 5
fi=(4)
58 5
fe=(42)
259 5
fi=(4)
47 10
+11 10
+3 12
fi=(5)
507 60
+4 60
+2 90
+1 30
fi=(4)
61 123
+2 126
+2 38
-4 3
+13 6
+1 5
+1 24
fi=(5)
507 12
+24 12
fi=(4)
75 12
fi=(5)
531 12
+2 12
cob=(4) /usr/lib64/libm-2.17.so
cfi=(55) ???
cfn=(212) sin
calls=1 0 
* 8
cob=(4)
cfi=(55)
cfn=(210) __atan2_finite
calls=1 0 
* 8
cob=(4)
cfi=(57) /usr/src/debug/glibc-2.17-c758a686/math/../sysdeps/x86_64/fpu/multiarch/e_asin.c
cfn=(208) __asin_finite
calls=1 16 
* 5
cob=(4)
cfi=(59) /usr/src/debug////////glibc-2.17-c758a686/math/../sysdeps/x86_64/fpu/multiarch/s_floor.S
cfn=(206) floor
calls=1 25 
* 5
cob=(4)
cfi=(58) /usr/src/debug////////glibc-2.17-c758a686/math/../sysdeps/x86_64/fpu/multiarch/s_floorf.S
cfn=(204) floorf
calls=1 25 
* 5
cob=(4)
cfi=(57)
cfn=(202) __acos_finite
calls=1 10 
* 5
cob=(4)
cfi=(56) /usr/src/debug////////glibc-2.17-c758a686/math/../sysdeps/x86_64/fpu/multiarch/s_rintf.S
cfn=(200) rintf
calls=1 25 
* 5
cob=(4)
cfi=(55)
cfn=(198) __log_finite
calls=1 0 
* 8
cob=(4)
cfi=(54) /usr/src/debug/glibc-2.17-c758a686/math/../sysdeps/x86_64/fpu/multiarch/e_pow.c
cfn=(196) __pow_finite
calls=1 8 
* 5
cob=(4)
cfi=(53) /usr/src/debug////////glibc-2.17-c758a686/math/../sysdeps/x86_64/fpu/multiarch/s_rint.S
cfn=(194) rint
calls=1 25 
* 5
cob=(4)
cfi=(52) /usr/src/debug/glibc-2.17-c758a686/math/../sysdeps/x86_64/fpu/multiarch/s_sin.c
cfn=(192) cos
calls=1 20 
* 8
cob=(4)
cfi=(51) /usr/src/debug/glibc-2.17-c758a686/math/../sysdeps/x86_64/fpu/multiarch/e_exp.c
cfn=(190) __exp_finite
calls=1 15 
* 8
fi=(4)
75 12
fi=(5)
534 12
fi=(4)
75 14
fe=(42)
259 3
fi=(4)
75 9
fe=(42)
259 27
+3 15
+24 5
+3 10
+17 15
+2 40
fi=(4)
84 7
+2 14
+12 7
-15 7
+15 7
-15 7
+15 7
+10 10
+3 13
fi=(5)
497 9
fi=(4)
111 12
fi=(5)
497 3582
fi=(4)
111 4776
+7 21
+3 6
+3 6
-3 6
+3 6
-74 4
fi=(5)
424 4
fi=(4)
51 4
fi=(5)
424 16
fi=(4)
127 496
+9 234
+3 234
fi=(5)
266 117
fi=(4)
138 117
-2 117
+1 468
fi=(5)
266 117
+21 234
+4 234
+7 1518
fi=(4)
137 91
fi=(5)
298 182
fi=(4)
137 91
fi=(5)
298 91
fi=(4)
138 91
fi=(5)
298 182
fi=(4)
137 91
fi=(5)
298 283
fi=(4)
137 10
fi=(5)
298 20
fi=(4)
137 10
fi=(5)
298 10
fi=(4)
138 10
fi=(5)
298 20
fi=(4)
137 10
fi=(5)
298 1242
cfi=(6)
cfn=(164)
calls=101 716 
* 104692
* 404
+2 312
+3 109
-3 218
+3 327
+6 819
fe=(42)
177 10
+1 2
+2 4
+79 10
fi=(5)
82 6
+4 9
+14 3
-8 3
+8 6
+20 6
+11 12
417 300
fi=(4)
124 384
+19 8
+1 26
+1 21
+3 14
+4 14
-1 7
-3 7
+1 7
+1 7
-1 14
fi=(5)
298 28
+2 7
+3 7
-3 7
+3 21
470 14
+1 7
cob=(3)
cfi=(50)
cfn=(186)
calls=1 0 
* 15
cob=(3)
cfi=(49) /usr/src/debug/glibc-2.17-c758a686/time/../sysdeps/unix/sysv/linux/x86_64/gettimeofday.c
cfn=(184) gettimeofday
calls=1 30 
* 22
cob=(3)
cfi=(48) /usr/src/debug////////glibc-2.17-c758a686/string/../sysdeps/x86_64/multiarch/memset.S
cfn=(182) memset
calls=1 27 
* 8
cob=(3)
cfi=(44)
cfn=(180)
calls=1 120 
* 5
cob=(3)
cfi=(47)
cfn=(178)
calls=1 30 
* 5
cob=(3)
cfi=(45) /usr/src/debug/glibc-2.17-c758a686/time/../sysdeps/unix/sysv/linux/x86_64/time.c
cfn=(174) time
calls=1 36 
* 22
cob=(3)
cfi=(44)
cfn=(172)
calls=1 100 
* 5
+1 14
298 39
fi=(4)
129 26
fi=(5)
298 20
+91 39
+4 65
+5 65
-71 2
+1 3
453 9
+4 18
cfi=(18)
cfn=(46)
calls=3 61 
* 54
+2 9
+1 3
fi=(4)
108 3
fe=(42)
314 10
+1 5
+1 5
-1 5
-1 10
+2 5
+3 10
+1 15
cfi=(35)
cfn=(114)
calls=5 81 
* 25
* 10
fi=(5)
124 12
-2 6
298 14
fi=(4)
129 3
+31 8
+2 20
+8 10
+1 5
-1 5
+1 5
fi=(5)
+95 5
fi=(4)
-96 10
fi=(5)
+96 5
+21 10
+4 10
+7 135
cfi=(6)
cfn=(164)
calls=5 716 
* 5414
* 20
+2 15
+3 1
-3 2
+3 3
+6 35
417 15
fi=(4)
160 15
+14 5
fi=(5)
298 95
fe=(42)

fl=(8) /usr/src/debug/glibc-2.17-c758a686/elf/../sysdeps/unix/sysv/linux/x86_64/brk.c
fn=(14) brk
31 1
-3 1
+3 6
+8 1
-6 2
+7 1

fl=(14)
fn=(30)
319 17
+3 17
-3 85
+4 17
-4 17
+7 34
+4 15
+2 1
+1 1
+1 1
+1 1
+2 2
-5 1
+1 1
+1 1
+1 1
+2 2
+2 2
-9 6
+16 5
+1 10
-1 10
133 14
-18 6
350 4
+4 3
+2 3
-2 6
+1 3
+5 30
+2 13
+1 13
+1 13
+3 143
-3 81
-2 81
+1 81
+4 162
-7 182
+12 12
+1 136
232 3
-7 3
+1 3
+4 3
+2 3
-6 3
+4 3
+2 15
-95 2
+1 2
+1 2
+1 2
+1 2
+48 2
-2 2
+1 2
+1 14
-80 2
+1 4
+4 4
-5 8
+1 16
+4 18
238 3
+2 3
-4 3
+1 3
+4 3
-2 3
+56 6
-2 3
+2 6
-1 3
+1 6
+1 6
+12 18
+1 6
-6 6

fl=(34)
fn=(112)
32 11
+1 11
-1 99
+1 27
+1 110
+2 77
-3 26

fl=(36)
fn=(116)
30 12
+1 12
+1 12
+1 2180
+1 12
+1 12

fl=(11) /usr/src/debug/glibc-2.17-c758a686/elf/../misc/sbrk.c
fn=(22) sbrk
34 4
+8 6
+4 2
+11 5

fl=(32)
fn=(104)
81 12
+1 3

fn=(122) access
81 4
+2 5

fn=(120)
81 16
+1 4

fn=(102)
81 56
+1 4
+1 50

fl=(15)
fn=(48)
33 8
+2 4
-2 12
+2 4
cfi=(2)
cfn=(50)
calls=4 917 
* 8
+2 29
+4 6
-1 27
+2 3
+2 3
+4 3
+4 3
-4 6
+1 6
+1 6
+2 3
+1 9
-1 3
cfi=(2)
cfn=(52)
calls=3 923 
* 6
-4 1
+4 1
-4 2
+1 2
+1 2
+2 1
+1 3
-1 1
cfi=(2)
cfn=(52)
calls=1 923 
* 2
-5 2

fn=(32)
62 44
+1 4
-1 8
+1 4
cfi=(10)
cfn=(20)
calls=4 -35 
* 228
+6 4
-6 12
+6 44
+7 16
cfi=(17)
cfn=(36)
calls=4 +26 
* 225
* 4
+3 4
-3 4
+3 4
+4 4
+5 4
-6 4
+6 4
-5 4
+5 4
-1 8
+1 4
cfi=(18)
cfn=(46)
calls=4 -27 
* 120
* 4
+4 4
-2 4
+3 4
-1 4
+1 16
+3 4
-3 4
+3 4
+9 4
-7 4
+4 4
+3 9
+2 2
-2 2
+2 30
-2 30
+12 4
+6 4
-5 4
-1 4
+6 12
-2 4
+2 8
+2 9
+3 9
+4 9
+4 9
+2 1
+6 1
+3 2
+3 5
-3 6
+3 15
+2 3
+4 3
-4 3
cfi=(10)
cfn=(20)
calls=3 28 
* 165
* 6
+4 3
-4 3
+4 9
+64 6
+4 32
-88 9
-39 9
+39 3
+70 9
cfi=(18)
cfn=(68)
calls=3 61 
* 108
* 3
+5 50
+1 50
-1 50
+1 53
-1 3
+1 9
+5 6
-57 6
cfi=(17)
cfn=(40)
calls=3 -67 
* 102
* 3
+1 3
-1 3
+1 9

fl=(13) /usr/src/debug/glibc-2.17-c758a686/elf/dl-environ.c
fn=(28) _dl_next_ld_env_entry
30 3
+3 11
+2 92
+11 44
-13 132
-2 1
+19 1
-14 20
+5 2
-3 2
+3 2
+2 2

fl=(2)
fn=(152) init_tls
803 1
-1 1
-6 1
+2 2
+4 1
+10 2
-4 1
+4 2
cfi=(17)
cfn=(36)
calls=1 102 
* 43
* 1
-1 1
+6 1
-9 1
+11 1
+6 1
-1 1
+1 12
+2 10
+4 1
+2 1
-2 2
-5 10
+12 1
cfi=(27)
cfn=(154) _dl_determine_tlsoffset
calls=1 144 
* 56
+7 1
cfi=(27)
cfn=(156) _dl_allocate_tls_storage
calls=1 349 
* 455
+1 1
-1 1
+1 1
+6 1
+8 1
-8 1
+8 6
+4 2
+3 2

fn=(144)
736 2
+2 4
cfi=(41)
cfn=(146)
calls=1 381 
* 4518
* 2
+4 2

fn=(50)
917 12

fn=(2) _dl_start
441 9
+18 4
fi=(3)
44 1
fe=(2)
459 1
fi=(5)
59 3
fi=(3)
-15 1
fe=(2)
488 1
-3 1
fi=(3)
44 1
+17 2
-3 1
-7 1
+5 1
+3 1
+2 1
-3 1
-3 1
-3 2
-5 28
+15 14
-18 42
+18 1
-18 3
+2 40
+5 24
+1 20
+10 5
-18 15
+25 2
+20 4
+1 4
+1 4
+1 4
+2 4
+5 4
+1 4
+1 4
fe=(2)
621 34
fi=(4)
111 1
-28 1
+28 2
fi=(5)
497 3
fi=(4)
111 2
fi=(5)
497 1
fi=(4)
111 1
fi=(5)
497 27
fi=(4)
111 18
fi=(5)
497 9
fi=(4)
111 9
+13 1
fi=(5)
309 1
fi=(4)
124 2
+13 1
+2 2
-2 1
fi=(5)
263 1
fi=(4)
137 1
fi=(5)
291 1
fi=(4)
137 2
fi=(5)
291 1
fi=(4)
137 7
+2 14
-2 7
fi=(5)
263 7
fi=(4)
137 7
fi=(5)
291 7
fi=(4)
137 14
fi=(5)
291 7
+9 16
+3 8
-3 16
+3 24
+6 48
fi=(3)
53 4
+3 4
+3 4
+1 1
+1 2
fe=(2)
378 1
623 1
378 1
cfi=(6)
cfn=(10)
calls=1 865 
* 23
+1 2
+1 2
+1 2
+1 2
+20 1
+9 1
-9 3
+9 1
-6 1
-3 1
+9 1
cfi=(7) /usr/src/debug/glibc-2.17-c758a686/elf/../elf/dl-sysdep.c
cfn=(12) _dl_sysdep_start
calls=1 86 
* 161062
* 1
+9 4
+3 1
+4 1
-4 1
+4 1
648 9
fi=(5)
398 8
+9 8
fi=(4)
124 25
fe=(2)

fn=(52)
923 12

fn=(24) dl_main
1005 10
+19 1
2598 1
1005 1
2598 1
1005 1
+19 1
+3 1
-22 2
+22 1
+4 2
+1 2
+5 2
2591 2
+7 1
-5 1
+5 4
+5 1
cfi=(12) /usr/src/debug/glibc-2.17-c758a686/elf/dl-tunables.c
cfn=(26) _dl_process_tunable_env_entries
calls=1 37 
* 295
* 1
-9 4
+11 2
cfi=(13)
cfn=(28)
calls=1 30 
* 174
* 4
cfi=(13)
cfn=(28)
calls=2 30 
* 138
* 9
+4 48
+1 19
-1 57
+3 4
+6 16
2766 3
+30 3
1045 2
-2 1
+2 1
1241 7
cfi=(15)
cfn=(32)
calls=1 62 
* 244
* 1
+3 1
+1 1
+5 2
-5 1
+1 1
1014 1
1246 1
+4 1
cfi=(15)
cfn=(48)
calls=1 33 
* 34
* 3
+30 1
-3 1
-5 1
+1 1
+2 1
+5 6
+56 2
1011 1
1336 2
-55 24
-1 27
+1 47
-1 2
1383 3
+3 2
+2 2
+2 2
+13 2
+1 8
cfi=(19)
cfn=(54)
calls=1 134 
* 7
* 3
+11 1
-4 1
+1 1
-3 1
+6 1
+6 2
fi=(3)
29 1
+9 2
+6 1
-2 1
+2 2
+7 1
+5 1
+3 1
+2 1
-3 1
-3 1
-3 14
+10 3
-18 9
+8 21
+10 21
-18 63
+2 48
+5 12
+18 3
+67 3
+14 3
+18 2
fe=(2)
1426 2
cfi=(6)
cfn=(10)
calls=1 865 
* 14
+3 2
fi=(20) /usr/src/debug/glibc-2.17-c758a686/elf/setup-vdso.h
24 2
fe=(2)
1451 1
cfi=(21)
cfn=(60)
calls=1 45 
* 93
* 8
1285 3
+1 1
+90 2
+1 2
+1 1
-6 2
+1 1
-37 2
-1 2
+1 4
-1 2
+2 4
+1 1
+3 2
+1 2
-1 2
+1 2
+1 2
+1 6
+1 2
-45 1
+9 1
-9 1
+9 1
-7 1
+25 1
-25 1
-3 1
+10 1
-19 3
+1 1
2693 4
+1 4
cfi=(14)
cfn=(30)
calls=1 319 
* 120
* 2
+2 3
-57 4
cfi=(14)
cfn=(30)
calls=1 319 
* 26
* 2
+7 4
cfi=(14)
cfn=(30)
calls=1 319 
* 80
* 2
+2 3
1456 2
cfi=(23)
cfn=(64)
calls=1 710 
* 1995
+3 3
cfi=(26)
cfn=(76)
calls=1 51 
* 17
+7 1
-7 1
+2 1
+5 1
+3 3
+1 1
+3 1
-3 3
+1 2
+3 1
+5 1
-7 1
+7 1
+1 5
+4 1
+4 1
-2 4
+1 2
+1 3
+5 2
+1 6
+2 2
+1 2
+5 2
+6 4
+1 2
-2 1
1020 1
1688 1
cfi=(27)
cfn=(78) _dl_count_modids
calls=1 111 
* 4
* 1
+8 3
+3 2
+4 3
+7 1
+4 3
+19 3
+16 3
cfi=(32)
cfn=(122)
calls=1 81 
* 9
* 2
+77 4
+17 3
+1 1
-1 1
+1 2
-1 1
+1 5
cfi=(37)
cfn=(124) _dl_map_object_deps
calls=1 147 
* 16342
+1 1
+5 1
-5 3
+2 2
+3 4
+1 4
-1 2
+1 16
-1 8
+4 3
+1 3
+1 1
+2 2
+1 5
-1 5
+1 6
-1 9
-28 11
168 2
1872 1
-1 2
+1 1
+2 1
+2 3
+2 1
-4 1
+4 2
+15 2
+1 3
+13 1
-2 1
+2 1
-2 1
+2 1
-1 1
-1 2
+2 1
cfi=(29)
cfn=(142)
calls=1 197 
* 4558
+10 1
+1 1
-1 1
+1 1
+1 1
cfn=(152)
calls=1 803 
* 626
* 1
+2 2
932 1
fi=(117) /usr/src/debug/glibc-2.17-c758a686/elf/../sysdeps/unix/sysv/linux/dl-osinfo.h
86 2
fe=(2)
934 1
fi=(117)
112 1
fe=(2)
943 1
+7 1
-5 1
1926 2
2159 3
+56 1
+4 1
+7 1
-11 1
+4 3
+4 2
+3 1
+8 2
+99 4
+2 1
+5 2
cfi=(27)
cfn=(214) _dl_allocate_tls_init
calls=1 443 
* 254
+4 2
+16 2
+29 1
cfi=(7)
cfn=(216) _dl_sysdep_start_cleanup
calls=1 251 
* 1
+4 3
+20 3
cfi=(26)
cfn=(76)
calls=1 51 
* 8
+1 1
-1 1
+2 1
cfi=(26)
cfn=(80) _dl_debug_state
calls=1 75 
* 1
+1 1
+4 1
cfi=(39)
cfn=(218) _dl_unload_cache
calls=1 316 
* 15
+5 8
1445 3
1735 3
+1 1
-1 2
+1 1
cfn=(82) handle_ld_preload
calls=1 970 
* 3622
* 1
+1 4
+2 3
-31 2
+1 1
cfi=(26)
cfn=(80)
calls=1 75 
* 1
* 1
2360 2
+15 1
+3 1
-3 1
+3 1
-3 2
+3 2
-3 1
+2 1
+1 1
cfi=(42)
cfn=(158)
calls=1 148 
* 9154
+1 4
+2 3
2209 1
1013 2
1869 2
2280 3
+7 1
+2 11
+2 1
+2 15
+5 10
+2 10
+8 5
-2 5
+2 10
+1 32
cfi=(42)
cfn=(158)
calls=4 148 
* 121415
+4 17
-22 14
+25 4
+2 1
+6 1
-6 1
+6 1
1830 6
+1 1
-1 2
+4 1
+1 1
-1 1
+2 2
2302 1
+1 1
-3 2
+14 2
cfi=(27)
cfn=(188) _dl_add_to_slotinfo
calls=1 879 
* 24
* 1

fn=(88)
877 14

fn=(82)
970 9
+1 1
-76 1
+86 1
-11 2
-75 6
+80 3
fi=(28) /usr/src/debug/glibc-2.17-c758a686/elf/../string/bits/string2.h
+9 3
+1 5
-1 264
+1 132
+1 66
-2 66
+2 66
-2 199
+2 1
-2 3
fe=(2)
-5 3
+10 4
108 3
992 2
890 1
+5 5
-10 1
+4 1
+1 1
+1 1
+2 1
+2 1
cfi=(29)
cfn=(86)
calls=1 159 
* 2650
+1 2
+8 3
+89 1
-18 3
+21 9
-15 4
cfi=(18)
cfn=(46)
calls=1 61 
* 94
* 1
+1 3

fn=(92)
704 2
+2 7
cfi=(23)
cfn=(94)
calls=1 2094 
* 2580
* 1
+2 2

fl=(60) /usr/src/debug/glibc-2.17-c758a686/elf/dl-init.c
fn=(224) _dl_init
90 10
+5 1
-4 1
-1 1
+2 1
+3 2
+7 6
+28 3
+1 4
-97 3
+97 16
-97 12
+9 4
-3 8
+3 12
+5 9
+5 4
+8 4
+2 4
+4 8
cob=(2)
cfi=(16)
cfn=(258) 0x0000000004c2b170
calls=1 -67 
* 6
cob=(3)
cfi=(62)
cfn=(238)
calls=1 -15 
* 158
+4 2
+1 4
+6 4
+2 4
-2 2
+3 12
+1 8
cob=(4)
cfi=(55)
cfn=(262) 0x00000000000056d0
calls=1 -82 
* 16
cob=(3)
cfi=(67) /usr/src/debug/glibc-2.17-c758a686/string/../sysdeps/x86_64/cacheinfo.c
cfn=(248) init_cacheinfo
calls=1 478 
* 1877
* 2
-1 8
+49 10
+4 1
+1 8
-86 4
-15 3
+9 1
-3 2
+3 3
+5 3
+5 2
+8 2
+2 2
+4 5
cob=(2)
cfi=(16)
cfn=(226) 0x0000000004a24510
calls=1 -67 
* 6
* 1
+4 1
+1 2
+6 2
+2 2
-2 1
+3 6
+1 4
cob=(5) /usr/sup/valgrind-3.11.0/lib/valgrind/vgpreload_core-amd64-linux.so
cfi=(61) ???
cfn=(230) 0x0000000000000640
calls=1 -82 
* 17
* 1
-1 4
+17 2
-54 3

fl=(111)
fn=(568)
132 3
+12 1
-12 5
+19 1
-6 1
+9 10
+3 2
cfi=(2)
cfn=(50)
calls=1 917 
* 2
+3 2
+3 2
+2 7
+11 3
+2 2
+3 21
+11 2
+2 10
+4 5
+2 5
-2 10
+6 5
-5 5
-7 15
+19 6
cfn=(570) _dl_sort_fini
calls=1 33 
* 352
+9 2
cfi=(2)
cfn=(52)
calls=1 923 
* 2
+4 4
+2 1
+2 3
-2 4
+2 12
+3 10
+3 15
+4 6
+7 6
+4 3
+1 3
-1 3
+2 6
+1 9
+1 6
cob=(4)
cfi=(55)
cfn=(610) 0x0000000000005690
calls=1 0 
* 75
cob=(5)
cfi=(61)
cfn=(584) 0x0000000000000600
calls=1 0 
* 1115
cob=(6) /h/vhugec01/Desktop/comp40/hw6/um/um
cfi=(69) ???
cfn=(572) 0x0000000000400c70
calls=1 0 
* 17
-1 9
+5 9
+1 9
cob=(2)
cfi=(16)
cfn=(626) 0x0000000004c962d8
calls=1 0 
* 3
cob=(2)
cfi=(16)
cfn=(608) 0x0000000004a247a8
calls=1 0 
* 3
cob=(2)
cfi=(16)
cfn=(582) 0x0000000000402604
calls=1 0 
* 3
+5 30
+16 10
-55 11
-70 2
284 6
-49 4
+55 2
+7 8

fn=(570)
33 8
+2 1
-2 3
+2 1
+6 1
-1 3
+1 2
-1 1
+1 14
+1 3
-1 1
+1 1
cfi=(36)
cfn=(116)
calls=1 -12 
* 16
+15 8
+62 5
+3 24
cfi=(36)
cfn=(116)
calls=3 -92 
* 30
* 12
-76 9
+1 9
+4 9
+71 2
-76 3
+1 3
+4 11
+6 4
+1 4
-1 4
+1 10
+2 12
+1 6
-1 12
+1 9
+3 21
-1 30
+31 18
+21 6
-57 12
+61 16
+7 8

fl=(31)
fn=(96)
304 545
+1 218
cfi=(19)
cfn=(54)
calls=109 134 
* 770
* 109
+1 109
-1 109
+3 109
+2 218
+4 110
-4 220
+1 351
cfi=(19)
cfn=(54)
calls=117 134 
* 2156
* 234
-5 7
+11 137
-1 102
+1 408

fn=(134) _dl_sysdep_read_whole_file
43 1
+7 1
-7 3
+7 1
-7 1
+1 1
-1 2
+7 1
cfi=(32)
cfn=(102)
calls=1 +31 
* 5
+1 1
-1 1
+1 1
+2 4
cfi=(33)
cfn=(110)
calls=1 -17 
* 10
* 2
+2 1
+3 1
-3 1
+3 1
+13 2
cfi=(32)
cfn=(120)
calls=1 +10 
* 5
+3 7
-14 6
cfi=(34)
cfn=(112)
calls=1 -28 
* 33
* 2

fl=(26)
fn=(80)
75 2

fn=(76)
51 10
+5 8
+5 2
-1 1
+1 2
+1 2
-1 2
-9 5
+4 10
+4 1
-1 1
-59 5

fl=(22)
fn=(62)
81 4
+1 1

fl=(25)
fn=(70)
40 10
+1 10
+1 10
+1 10
+1 7
+1 7
+3 7
+1 7
+1 7
-2 33
+1 33
+1 33
+1 40
+1 40
+1 40
+1 40
+1 40
+9 10
+1 10
+1 10
+2 20
+32 10
+1 10
+1 10
+1 10
+2 10
+3 10
-8 2
+1 2
+1 2
+1 2
+2 2
+3 2
+1 12
+1 12
+1 12
+2 12
+5 11
+1 11
+1 11
+3 11
+1 10
+1 10
+1 10
+2 10
+3 6
+1 6
+1 6
+1 6
+2 6
+3 6
+1 6
+1 6
+1 6
+2 6
+5 6
+1 6
+1 6
+3 6
+1 6
+1 6
+1 6
+2 6
+2 3
+1 3
+1 3
+1 3
+2 3
+3 3
+1 3
+1 3
+1 3
+2 3
+5 3
+1 3
+1 3
+3 3
+1 3
+1 3
+1 3
+2 3
+2 2
+1 2
+1 2
+1 2
+2 2
+3 2
+1 2
+1 2
+1 2
+2 2
+5 2
+1 2
+1 2
+3 2
+1 2
+1 2
+1 2
+2 2
+4 9
+1 9
+11 1
+1 1
+1 1
+1 1
+47 1
+1 1

fl=(12)
fn=(26)
37 1
-8 1
+8 1
+1 4
+4 95
+1 1
-1 4
+3 2
+12 46
-19 138
+22 2

fl=(7)
fn=(216)
251 1

fn=(12)
86 7
+25 1
-1 1
+1 1
-25 1
+25 147
+6 1
-3 1
+1 1
-4 1
+3 1
+3 4
+1 6
-1 3
-29 1
-1 2
+31 108
-1 86
fi=(21)
-82 2
cfi=(8)
cfn=(14)
calls=1 -4 
* 12
fi=(5)
220 5
+4 1
cfi=(9) /usr/src/debug/glibc-2.17-c758a686/elf/../sysdeps/x86/cpu-features.c
cfn=(18) init_cpu_features.constprop.0
calls=1 39 
* 115
fe=(7)
+2 3
+1 1
cfi=(10)
cfn=(20)
calls=1 28 
* 42
* 1
+2 2
cfi=(11)
cfn=(22)
calls=1 34 
* 17
* 3
+12 3
+3 6
cfi=(2)
cfn=(24)
calls=1 1005 
* 160449
+2 9
-67 1
+1 1
-29 1
+1 1
+11 1
+1 1
-7 1
+1 1
-4 1
+1 1
-25 1
+1 1
-4 1
+1 1
-7 1
+1 1
+2 1
+1 1

fl=(40) /usr/src/debug/glibc-2.17-c758a686/string/strdup.c
fn=(138) strdup
40 8
+1 2
cfi=(10)
cfn=(20)
calls=2 -13 
* 68
* 2
+1 4
cfi=(17)
cfn=(40)
calls=2 +51 
* 68
* 2
+2 4
+4 2
-1 4
+1 4
-1 4
cfi=(18)
cfn=(46)
calls=2 +14 
* 54

fl=(17)
fn=(44) __libc_memalign
51 108
+1 133
+11 26
+1 26
-1 26
+3 26
-3 26
+3 52
-3 1
+1 1
-1 1
+3 1
-3 1
+3 98
+4 12
+1 9
+6 21
cfi=(34)
cfn=(112)
calls=3 -45 
* 99
+2 15
+4 9
+3 3
+1 3
+2 15
-3 24
+1 24
+2 192
-31 3
+1 1
-2 3

fn=(36)
102 10
+7 30
-3 10
+3 20
+4 10
cfn=(40)
calls=10 -20 
* 441
* 10

fn=(74)
340 3
+1 6
+4 64
+7 156
-2 106
+4 2
+6 26
-15 79
+18 1
+4 1
-4 1
+4 2
-11 2
+1 1

fn=(40)
93 26
+1 52
cfn=(44)
calls=26 -43 
* 881
* 26

fl=(1) ???
fn=(0) 0x0000000000000ff0
0 2
cfi=(2)
cfn=(2)
calls=1 441 
0 161742
0 14
cfi=(60)
cfn=(224)
calls=1 90 
0 2314
0 3
cob=(6)
cfi=(69)
cfn=(272) 0x0000000000400bb3
calls=1 0 
0 17473035242

fl=(6)
fn=(170) check_match.9524
132 5488
+1 1568
+2 1568
+2 1149
-2 766
+12 1149
+3 2010
cfi=(19)
cfn=(54)
calls=311 -16 
* 5549
* 622
+5 106
-1 106
+1 106
-1 106
+1 106
+2 208
+19 208
+1 832
+46 636
-18 4
+2 4
+1 8
-1 4
+1 2
-1 4
+9 277
+7 4068
-45 312
cfi=(19)
cfn=(54)
calls=104 -44 
* 9035
* 416
-43 802
+81 1203

fn=(10)
865 15
+4 3
+4 6
+2 3
-1 3
+4 3
+4 3
-4 3
+1 6
+2 3
-2 3
+3 3
+2 3
+1 3
+1 12
+1 3
+3 6
+2 2
+2 2
+2 2
+1 2
+1 2
-4 2
+4 4

fn=(166) do_lookup_x
82 1062
+1 118
-6 118
+5 354
-5 826
+11 118
+1 118
233 118
-3 118
+3 118
-3 354
98 118
-3 118
+1 118
+2 118
+3 118
-3 118
+3 118
-3 359
-3 359
+1 359
+2 359
+3 359
-3 359
+3 359
+4 978
+4 948
+4 948
+7 1422
+4 948
+1 1422
226 474
+1 948
+4 492
-2 246
+5 984
+4 492
-1 492
+1 246
-1 492
+21 145
+24 736
462 2010
+1 365
cfi=(31)
cfn=(96)
calls=73 304 
* 3427
* 438
+3 1113
+3 24
287 788
+4 257
+13 106
+1 106
-1 106
+1 106
+1 106
470 944
241 420
-1 210
+2 210
+2 312
+10 306
-7 1015
+2 202
+1 404
-1 606
+1 303
cfn=(170)
calls=101 132 
* 16133
+1 505
+11 1352
+6 1157
+2 2712
-2 678
+2 678
-2 678
+4 4781
cfn=(170)
calls=683 132 
* 22289
+1 3420
-10 118
fi=(43) /usr/src/debug/glibc-2.17-c758a686/elf/../sysdeps/generic/dl-hash.h
32 118
-1 118
+1 590
+2 236
+1 354
+2 236
+1 354
+2 236
+1 354
+2 112
+1 112
-1 112
+2 336
+3 2868
+1 1912
+13 1912
-17 2868
+22 672
fe=(6)
263 224
fi=(43)
67 30
fe=(6)
263 12

fn=(164)
716 1416
477 118
716 236
477 354
-1 236
+2 118
-1 118
+1 354
-1 354
+1 1422
-1 1422
+1 4266
-1 4502
718 118
+4 118
+9 118
-13 118
+15 118
-14 236
+14 118
-2 118
+6 944
+2 1534
cfn=(166)
calls=118 82 
* 101325
+3 236
+3 12
-8 48
-7 236
+40 236
+24 106
+1 742
+26 106
+9 530
+14 318
+3 424
+5 106
+2 944
-82 84
+18 12
+1 24
+54 2

fl=(27)
fn=(156)
349 1
+13 1
-13 2
+2 1
+11 2
cfi=(17)
cfn=(44)
calls=1 51 
* 78
* 1
+1 1
-1 1
+1 1
+7 1
+4 306
-58 1
+1 1
-1 1
+1 2
cfi=(17)
cfn=(36)
calls=1 102 
* 43
* 1
+1 2
+9 1
-6 1
+6 1
+64 5

fn=(154)
144 1
+34 1
-34 1
+34 2
-45 1
+1 1
+2 1
-3 1
+2 1
-2 1
+43 1
-43 2
+50 1
-1 1
+5 2
-4 1
-1 1
+7 1
-7 1
+3 2
+2 1
+2 1
-2 2
+16 5
+2 1
+1 1
-1 2
+4 1
+6 1
-12 1
-25 5
+40 1
+53 4
-1 1
+1 3
-52 1
+52 1

fn=(214)
443 7
+1 1
-1 1
+1 1
+4 1
+6 2
-6 2
+6 2
+12 1
-15 1
-1 2
+21 6
+6 12
+3 1
+1 2
+7 1
+2 1
-2 2
+2 3
+1 1
+3 2
-1 2
+18 1
-2 1
-8 1
+8 2
-8 1
+8 1
cfi=(18)
cfn=(68)
calls=1 61 
* 23
* 4
cfi=(36)
cfn=(116)
calls=1 30 
* 150
* 2
-38 3
+52 2
+2 1
+1 8

fn=(78)
111 2
+1 2

fn=(140)
52 3
+48 2
+4 1

fn=(188)
879 6
+6 1
+3 2
+5 5
+41 1
+1 3
+1 6

fl=(39)
fn=(132)
185 18
+8 4
+3 6
+45 4
+6 2
-6 1
+6 2
+8 2
+20 2
-20 2
+7 2
-7 2
+20 2
-20 2
+7 4
-7 2
+7 2
+13 350
cfn=(136) _dl_cache_libcmp
calls=22 139 
* 1632
* 100
-76 4
cfi=(31)
cfn=(134)
calls=1 43 
* 94
+8 1
-8 1
+8 4
+1 4
cfi=(14)
cfn=(30)
calls=1 319 
* 112
* 2
+7 1
-3 1
+3 3
+3 1
+1 2
-1 1
+1 1
+1 3
cfi=(14)
cfn=(30)
calls=1 +99 
* 111
* 2
+2 2
+53 28
cfn=(136)
calls=2 139 
* 144
* 10
-12 6
+12 2
-12 4
-1 4
+13 46
+16 4
+4 4
+8 4
cfi=(10)
cfn=(20)
calls=2 28 
* 133
* 34
+1 2
-1 2
+1 4
cfi=(18)
cfn=(46)
calls=2 61 
* 54
+1 4
cfi=(40)
cfn=(138)
calls=2 40 
* 226
+1 16

fn=(136)
139 72
+1 52
+2 242
+2 121
-2 121
+2 4
+6 2
+2 2
-1 2
-1 2
+1 2
-1 2
+2 6
+2 10
+2 4
+6 238
+2 432
+4 97
+1 97
-29 194
+32 4
+1 4
-8 22
+8 44

fn=(218)
316 4
-1 1
+3 2
cfi=(35)
cfn=(220)
calls=1 81 
* 5
+1 1
+2 2

fl=(33)
fn=(110)
36 4
-1 4
+1 4
+1 24
+4 4

fl=(24)
fn=(66)
39 8
+2 1
-2 1
+3 1
-3 2
+3 1
-3 1
+2 3
+1 2
+9 1
-10 1
+10 2
+10 4
+42 1
+3 17
+1 1
-1 4
+30 2
+8 2
+2 3
+1 2
+1 2
+3 2
+7 1
-7 1
+1 1
+7 1
-1 1
+4 3
+1 1
-1 6
+1 1
+18 12
+1 4
cfi=(17)
cfn=(40)
calls=1 -89 
* 34
* 1
+1 1
-1 1
+1 4
+26 1
+3 1
-3 2
+3 1
+28 9
+1 2
-1 2
+1 6
-1 8
+5 6
+3 1
-3 1
+3 2
-3 1
+3 1
-3 2
+3 1
-3 1
+3 2
-3 1
+3 3
+1 12
+1 4
-1 4
+1 8
-2 4
+1 8
-1 14
+4 4
+3 1
+2 2
-1 1
-1 2
+2 10
+13 2
+1 1
-1 1
+3 2
-3 2
+1 1
-1 1
+3 2
+3 3
+3 9
-65 4
cfi=(18)
cfn=(68)
calls=1 61 
* 22
+1 2
-1 2
+1 1
cfi=(18)
cfn=(68)
calls=1 61 
* 22
* 4

fl=(19)
fn=(54)
134 655
+1 655
+1 655
+1 353
+1 353
+1 353
+1 353
cfn=(55) strcmp'2
calls=353 -6 
* 13660
+5 302
+1 302
+1 302
+1 302

fn=(55)
134 1908
+1 1908
+1 1908
+1 1707
+1 1707
+1 1707
+1 1707
cfn=(55)
calls=1555 -6 
* 64395
+2 152
+1 152
+2 201
+1 201
+1 201
+1 201

fl=(38)
fn=(130)
36 8
-1 8
+1 8
+1 48
+4 2
-4 24

fl=(9)
fn=(18)
39 1
+7 1
-7 5
+7 1
-7 1
+10 1
-3 1
+3 5
182 2
+1 7
+7 3
+4 2
+2 4
+41 2
+4 4
+1 2
+3 1
+2 1
-2 3
+2 2
+3 2
+51 1
+1 1
+1 1
+1 8
200 2
+1 1
+6 3
+5 3
+16 2
+3 2
60 1
-31 2
+4 1
-4 1
+5 1
-1 1
+31 1
-30 1
+30 1
-31 1
+27 2
-26 1
+30 1
+1 1
-36 2
+3 1
+28 1
+5 1
+5 1
-17 1
+17 1
+3 1
+1 8
+35 1
-56 1
+56 1
+22 1
-78 1
+78 2

fl=(30)
fn=(90)
26 6
+9 6
+1 12
+1 6
+4 6
+1 6
+1 6
+1 6
+1 6
+2 12
+2 6
+1 6
+1 6
+2 12
+2 6
+4 6
+1 6

fl=(37)
fn=(126)
60 10
+7 5
-4 15
+1 5
-1 5
+1 5
-1 25
cfi=(23)
cfn=(94)
calls=5 2094 
* 13535
* 5
+5 10

fn=(124)
147 1
+1 1
-1 2
+1 1
-1 1
+1 1
-1 1
+1 2
-1 4
+1 2
-1 1
+1 2
-1 1
+1 10
+15 1
-15 1
+16 1
-2 1
+1 1
-15 1
+16 1
+6 3
+10 1
-10 1
+10 3
-14 1
-4 1
+2 1
+17 1
-17 1
-2 2
+2 1
-2 1
+2 1
-2 1
+1 1
+1 1
+6 3
+10 1
-10 1
+10 3
-16 4
+20 1
+21 1
+1 1
-22 2
+19 1
-12 1
+15 1
-16 1
+13 1
347 9
215 1
+4 1
-8 1
+8 2
-4 4
+4 4
-8 4
+8 8
+12 15
+2 6
+6 3
-6 3
+6 3
+1 3
+4 3
-4 3
+1 3
+3 3
-6 3
+3 3
+3 9
-32 3
+32 6
+50 10
+1 9
-51 316
+1 158
+6 25
cfi=(25)
cfn=(70)
calls=5 40 
* 391
* 10
+5 25
-3 5
+3 5
cfi=(29)
cfn=(86)
calls=5 -97 
* 13910
+2 15
+15 5
+2 10
+5 18
+6 3
+4 3
-10 6
+3 3
+1 3
+6 3
-5 3
+1 3
+4 3
-2 3
+2 6
-2 9
-57 8
-19 2
475 10
+2 9
+3 6
-1 3
cfi=(17)
cfn=(40)
calls=3 93 
* 102
* 3
+2 3
-2 3
+2 3
+3 3
+1 15
-1 3
+1 3
cfi=(18)
cfn=(46)
calls=3 61 
* 68
+1 15
cfi=(18)
cfn=(46)
calls=3 61 
* 68
+4 3
-1 3
+5 36
+3 12
-1 5
+1 10
204 1
501 6
+1 2
+3 6
+11 4
-1 1
cfi=(17)
cfn=(40)
calls=1 93 
* 34
* 1
+3 1
-3 1
+3 2
+5 7
+1 4
+2 11
+6 12
+4 4
-10 4
+10 4
-10 9
+6 3
+4 1
-10 1
+10 1
-10 3
+13 2
+53 4
+43 19
+1 2
-1 1
-1 1
+2 1
cfi=(36)
cfn=(116)
calls=1 30 
* 16
* 10
+11 1
-6 1
-1 1
+1 1
+6 2
-11 9
+11 3
-6 3
-1 3
+1 3
+6 9
+2 12
+1 6
-1 12
+1 9
+3 21
-1 30
+23 6
-28 12
+31 12
+3 30
cfi=(36)
cfn=(116)
calls=3 30 
* 30
* 17
219 10
+1 22
+2 3
+2 9
+2 22
+71 222
688 2
+2 1
+1 1
-1 1
+9 3
+3 2
+3 8
-42 3
-35 10
cfi=(18)
cfn=(46)
calls=1 61 
* 42
+2 4
226 26

ob=(4)
fl=(59)
fn=(206)
25 1
+1 1
+1 1
+1 1
+2 1

fl=(52)
fn=(192)
20 8

fl=(58)
fn=(204)
25 1
+1 1
+1 1
+1 1
+2 1

fl=(51)
fn=(190)
15 8

fl=(56)
fn=(200)
25 1
+1 1
+1 1
+1 1
+2 1

fl=(55)
fn=(610)
0 8
cob=(2)
cfi=(16)
cfn=(616) 0x0000000004c2b308
calls=1 0 
0 54
0 1
cfn=(620) 0x0000000000005620
calls=1 0 
0 9
0 3

fn=(198)
0 8

fn=(212)
0 8

fn=(262)
0 16

fn=(620)
0 9

fn=(210)
0 8

fl=(53)
fn=(194)
25 1
+1 1
+1 1
+1 1
+2 1

fl=(57)
fn=(202)
10 5

fn=(208)
16 5

fl=(54)
fn=(196)
8 5

ob=(5)
fl=(61)
fn=(230)
0 17

fn=(584)
0 8
cob=(1)
cfi=(70)
cfn=(281)
calls=1 71 
0 1089
0 5
0 1
cfn=(602) 0x0000000000000570
calls=1 0 
0 9
0 3

fn=(602)
0 9

ob=(3)
fl=(80)
fn=(342)
2516 122
+25 630
+2 630
2394 315
2549 315
-6 315
+6 941
+1 300
+2 514
+42 3
+19 1
+3 2
+1 4
+3 1
-3 1
+3 2
cfi=(84)
cfn=(344)
calls=1 47 
* 45
+12 3
+5 2
+1 4
+35 1
+1 1
-2 1
+1 2
+12 1
-12 1
+1 2
+11 1
-12 254
+1 254
-2 254
+1 508
+12 254
-12 254
+1 508
+11 254
+6 508
+1 508
+15 254
-15 254
+8 254
+3 254
+4 1016
2373 260
2581 254
+84 508
2512 4
+30 259
-26 508
+36 2
2708 632
cfn=(496)
calls=158 3821 
* 10902
* 158
2499 762

fn=(382) calloc
3183 1414838
+13 4244514
-13 1414838
+10 2829676
+3 1414838
-13 4244514
+13 1414838
+8 2829676
+1 2829676
+10 16978056
+7 1414838
+8 1414838
-7 2829676
+7 2829676
+15 4244514
cfn=(338)
calls=1414838 3351 
* 209425827
+6 1414838
-6 1414838
+6 1414838
+7 5659352
+3 2829676
+6 4244514
+46 8489028
-36 1414838
-3 1414838
+3 2829676
-13 1414838
+13 2829676
+10 1414838
+1 2829676
+3 2829676
+7 1414838
-3 1414838
+1 1414838
+1 2829676
+1 1414838
+3 77
-2 77
+1 77
+1 77
-24 4240104

fn=(444)
4217 1744731
+21 775436
+1 581577
+15 387718
+1 581577
+1 387718
+1 387718
+6 387718
+8 387718
+12 125
-1 250
+2 112
-1 224
+4 1898
+64 224
+2 224
-2 6
+2 6
+6 230
-1 115
+1 230
+1 230
+4 115
-4 230
+4 115
-4 115
+3 115
+1 230
cfn=(496)
calls=115 3821 
* 10357
+4 115
+1 1744731
-96 193734
-1 193734
-1 387468
+21 90
cfn=(338)
calls=30 3351 
* 11089
+1 30
-1 30
+1 30
+4 30
-1 30
+6 60
+11 27
+1 27
+2 54
+3 54
3834 81
+6 108
+1 54
+13 135
+13 54
+75 54
+19 27
-4 27
+4 54
+6 54
+8 81
+6 54
+1 54
+1 54
1909 81
3992 54
+7 54
+5 52
+4 26
+9 26
-1 26
+2 52
+7 26
-2 26
+1 26
+1 26
+2 9
+1 9
+2 9
+1 9
+2 27
+1 9
+30 27
-34 17
+1 17
+2 51
+1 17
+30 54
+1 6
+3 9
4320 81
cfi=(100)
cfn=(446)
calls=27 61 
* 93231
* 27
-23 6
+6 6
-29 968585
+2 193717
-2 193717
+2 193717
-2 387434
+1 193717
+3 193717
-4 193717
+1 193717
+1 193717
+2 193717
+81 115
+1 230
4070 18
+2 4
cfn=(448)
calls=1 2752 
* 27
* 1
-27 1
+1 3
+1 2
-78 42
-2 28

fn=(448)
2752 104
+10 26
-1 13
+1 13
+3 52
+2 26
+6 50
cfi=(84)
cfn=(344)
calls=10 47 
* 450
* 10
+1 40
+34 12
+1 104
-23 3
cfi=(84)
cfn=(344)
calls=1 47 
* 68
+2 2
+1 2
+2 2
cfi=(84)
cfn=(344)
calls=1 47 
* 45
+2 1
+2 2
+3 2
+3 2
-1 1
+1 2
+2 2

fl=(90)
fn=(364)
53 8
+10 3
+2 2
+1 1
+23 8
-26 1
-5 2

fl=(67)
fn=(248)
478 2
+12 1
-12 1
+12 1
-12 1
+12 1
-12 1
+12 1
648 2
+2 1
+1 1
+2 1
-3 1
+5 1
-5 1
+4 3
+4 2
+2 1
+1 1
+2 1
+4 1
-7 1
+5 1
-5 1
+4 1
+3 2
-3 1
+3 1
-3 1
+3 2
492 2
cfn=(250) handle_intel.isra.0
calls=1 262 
* 843
+4 1
-4 1
+4 1
cfn=(250)
calls=1 262 
* 884
+2 1
-2 1
-1 1
+3 1
+9 3
+2 1
+1 1
+2 1
+5 2
+9 16
-9 12
+6 3
-6 3
+6 3
-6 3
+6 1
-6 1
+6 1
+69 4
+1 6
-65 1
+32 1
-26 5
+7 2
+4 4
+2 4
-6 4
+4 1
-2 1
+2 1
-4 3
+4 1
-2 1
+2 1
+15 1
+1 4
-9 1
+2 2
+1 1
-1 2
+1 1
+1 1

fn=(250)
262 4
+12 2
-12 12
+9 2
+1 4
-3 6
+23 10
cfn=(252) intel_check_word
calls=2 132 
* 1444
+1 4
+3 10
cfn=(252)
calls=2 132 
* 189
+1 4
-17 4
+5 2
-5 4
+5 2
+2 2
+1 2
-1 4
+27 16

fn=(252)
132 32
+1 12
+6 32
+2 4
-2 4
+2 4
+88 8
-76 20
+53 16
+23 40
-1 8
+1 8
cfi=(68) /usr/src/debug/glibc-2.17-c758a686/stdlib/bsearch.c
cfn=(254) bsearch
calls=8 26 
* 1226
+2 16
+22 8
141 16
+2 10
+2 20
-10 2
258 32
-93 10
+5 10
-5 14
+9 2
+2 4
+8 2
+4 2
-2 4
+13 3
-34 15
+5 6
+4 8
+7 9
+9 2
-2 2
+3 2
-1 2
-2 2
+1 2
+1 2
-1 6
+1 2
-2 4

fn=(256) intel_02_known_compare
121 162
+3 162

fl=(96)
fn=(404)
96 10
+15 8
fi=(99)
957 6
+2 4
+1 4
fe=(96)
111 6
cfi=(88)
cfn=(406)
calls=2 1270 
* 28
* 4
+2 8
+11 9
-14 1
+18 6
cfi=(98)
cfn=(410)
calls=1 -96 
* 33
* 6
cfi=(98)
cfn=(410)
calls=1 -96 
* 33
* 4
+1 10
cfi=(87)
cfn=(412)
calls=2 400 
* 42
+1 2
+1 13
-13 1
fi=(118) /usr/src/debug/glibc-2.17-c758a686/libio/../sysdeps/unix/sysv/linux/sys/sysmacros.h
-72 6
fe=(96)
+72 1
-2 2
+5 2

fl=(49)
fn=(184)
30 1
+1 1
+3 2
-3 4
+3 1
cfi=(46)
cfn=(176)
calls=1 -7 
* 7
+1 3
+1 3

fl=(45)
fn=(174)
36 1
+1 1
+3 2
-3 4
+3 1
cfi=(46)
cfn=(176)
calls=1 -13 
* 7
* 3
+1 3

fl=(78) /usr/src/debug/glibc-2.17-c758a686/io/../sysdeps/unix/sysv/linux/wordsize-64/xstat.c
fn=(318) _xstat
36 1
-1 1
+1 1
+1 6
+4 1

fl=(64)
fn=(242)
30 4
+1 5
+2 3
cfi=(65)
cfn=(244)
calls=1 -8 
* 44
+4 5
+1 3
+2 4

fl=(79) /usr/src/debug/glibc-2.17-c758a686/libio/iofopen.c
fn=(326) __fopen_internal
65 6
+8 1
-8 2
+8 1
cob=(2)
cfi=(16)
cfn=(328) 0x0000000004f478c0
calls=1 -73 
* 58085
+2 1
-2 1
+2 1
+3 1
+3 5
-3 1
+3 1
cfi=(87)
cfn=(350)
calls=1 650 
* 58
+4 1
+1 1
-1 1
+1 1
cfi=(88)
cfn=(354)
calls=1 +58 
* 95
+4 5
cfi=(88)
cfn=(358)
calls=1 268 
* 127
* 1
+1 1
-1 1
+6 5
-5 1
cfn=(366) __fopen_maybe_mmap
calls=1 -49 
* 4

fn=(324) fopen@@GLIBC_2.2.5
103 2
cfn=(326)
calls=1 -38 
* 58408

fn=(366)
42 1
-2 1
+2 1
+15 1

fl=(68)
fn=(254)
26 8
+5 8
-5 72
+7 8
-7 16
+7 8
+7 8
+1 8
-8 16
+2 54
+2 54
-2 54
+1 162
+1 108
cfi=(67)
cfn=(256)
calls=54 +84 
* 324
+1 108
+1 46
-6 92
+14 8
-1 8
+1 56

fl=(84)
fn=(344)
47 328
+1 328
cfi=(85)
cfn=(346)
calls=328 -14 
* 19472
+2 984
+2 984

fl=(86)
fn=(348)
31 644
-3 644
+3 4508
+8 644
-6 1288
+7 390
-5 508
+1 254
+4 254

fl=(103)
fn=(484)
32 1
+2 1
+1 1
+6 1
+1 1
+1 1
+1 1
+1 1
+1 1
+1 1
+1 1

fl=(75)
fn=(308)
26 1
+9 1
+1 2
+1 1
+4 1
+1 1
+1 1
+1 1
+1 1
+2 2
+2 1
+1 1
+1 1
+2 2
+2 1
+9 1
cfi=(76) /usr/src/debug/glibc-2.17-c758a686/setjmp/sigjmp.c
cfn=(310) __sigjmp_save
calls=1 -35 
* 9

fl=(48)
fn=(182)
27 1
+1 1
+1 1
+1 1
+1 1
+2 1
+1 1
+5 1

fl=(66)
fn=(246)
32 5
+2 1
-2 2
+2 3
+2 5

fl=(76)
fn=(310)
29 2
-1 2
+1 2
+5 3

fl=(72) /usr/src/debug/glibc-2.17-c758a686/csu/../csu/libc-start.c
fn=(286) (below main)
134 7
+10 1
-10 3
+10 7
+62 1
-62 1
+62 1
+1 4
cfi=(73)
cfn=(288)
calls=1 56 
* 61
+22 6
+3 2
+1 5
cob=(6)
cfi=(69)
cfn=(292) __libc_csu_init
calls=1 0 
* 57
+4 4
+15 2
+9 2
cfi=(74)
cfn=(306)
calls=1 33 
* 30
+1 2
+5 2
+1 2
+3 2
+3 6
cob=(6)
cfi=(77) /h/vhugec01/Desktop/comp40/hw6/um/UM_main.c
cfn=(312) main
calls=1 16 
* 17473031247
+34 2
cfi=(110)
cfn=(564)
calls=1 98 
* 2239

ob=(2)
fl=(16)
fn=(582)
0 3

fn=(226)
0 6

fn=(626)
0 3

fn=(514)
0 363
cob=(3)
cfi=(80)
cfn=(516)
calls=363 2924 
0 2643

fn=(616)
0 1
cob=(3)
cfi=(112)
cfn=(596)
calls=1 30 
0 53

fn=(294) 0x0000000000400958
0 6

fn=(328)
0 1
cob=(3)
cfi=(80)
cfn=(330)
calls=1 2888 
0 58084

fn=(608)
0 3

fn=(258)
0 6

ob=(6)
fl=(77)
fn=(312)
16 2
+2 2
+41 4
fi=(119) /usr/include/sys/stat.h
456 4
cob=(1)
cfi=(70)
cfn=(281)
calls=1 71 
* 1298
* 5
fe=(77)
24 2
+4 2
+5 3
cob=(1)
cfi=(70)
cfn=(281)
calls=1 +38 
* 59641
* 5
* 1
+1 2
cfi=(91) /h/vhugec01/Desktop/comp40/hw6/um/UM_segData.c
cfn=(368) make_UM_data
calls=1 +78 
* 4592
+1 2
-1 1
+1 1
cfi=(91)
cfn=(388) initialize_UM_data
calls=1 139 
* 11100273
* 1
+9 2
cfi=(91)
cfn=(452) UM_data_get_pCounter
calls=1 179 
* 2
* 170141042
cfi=(91)
cfn=(452)
calls=85070521 179 
* 170141042
* 255211566
cfi=(91)
cfn=(454) UM_data_get_zeroSeg_instruction
calls=85070522 202 
* 3402820880
+1 255211566
cfi=(101) /h/vhugec01/Desktop/comp40/hw6/um/UM_ALU.c
cfn=(458) UM_ALU_Execute
calls=85070522 +54 
* 13029903793
+2 170141044
+2 1
+1 1
-1 1
+6 1
cfi=(91)
cfn=(528) UM_data_free
calls=1 162 
* 8292667
+1 2
cob=(1)
cfi=(70)
cfn=(281)
calls=1 +15 
* 1789
* 5
+2 2

fl=(69)
fn=(292)
0 16
cob=(2)
cfi=(16)
cfn=(294)
calls=1 0 
0 6
0 7
cfn=(298) 0x0000000000400c90
calls=1 0 
0 17
0 11

fn=(576) 0x0000000000400be0
0 9

fn=(298)
0 17

fn=(572)
0 5
cfn=(576)
calls=1 0 
0 9
0 3

fn=(272)
0 11
cob=(1)
cfi=(70)
cfn=(280)
calls=1 71 
0 17473035226
0 5

fl=(92) /usr/sup/src/cii40/src/seq.c
fn=(374) Seq_new
26 9903866
+3 7074190
cfi=(93) /usr/sup/src/cii40/src/mem.c
cfn=(376) Mem_calloc
calls=1414838 -7 
* 349492055
* 1414838
+1 2829676
+1 1414838
+2 4244514
-1 5659352
cfi=(93)
cfn=(384) Mem_alloc
calls=1414838 -24 
* 278822049
* 11318704
cfi=(94) /usr/sup/src/cii40/src/uarray.c
cfn=(386) UArrayRep_init
calls=1414838 -14 
* 41030302
+2 1414838
+1 5659352

fn=(470) Seq_put
60 193539874
+3 70378136
-3 17594534
+4 52783602
+1 158350806
-1 87972670
+2 52783602
+1 158350806
-1 52783602
+1 35189068
+1 17594534
+1 70378136

fn=(530) Seq_free
45 126306
+1 84204
-1 21051
+3 63153
cfi=(94)
cfn=(532) UArray_free
calls=21051 -19 
* 6734797
+1 42102

fn=(428) expand
16 775444
+1 581583
+1 1163166
cfi=(94)
cfn=(430) UArray_resize
calls=193861 +29 
* 37729657
+1 775444
+2 468
+1 832
cob=(3)
cfi=(104)
cfn=(486)
calls=51 +37 
* 12369
cob=(1)
cfi=(70)
cfn=(281)
calls=1 +49 
* 1233
* 56
+1 312
+2 387722

fn=(456) Seq_get
54 2117530630
+2 847012252
-2 211753063
+3 635259189
+1 1905777567
-1 847012252
+2 847012252

fn=(464) Seq_length
50 506100780
+2 168700260
+1 168700260

fn=(426) Seq_addhi
89 11689624
+3 8767218
+1 99
cfn=(428)
calls=33 -77 
* 117241
+1 8767218
+1 4383609
+1 13150827
-1 4383609
+1 2922406
-1 1461203
+2 5844812

fn=(492) Seq_remlo
78 6968930
+1 1393786
-1 2787572
+4 2787572
-4 2787572
+5 4181358
+1 12544074
-1 6968930
+2 15331646
+1 6968930
+1 1393786
+1 5575144

fn=(450) Seq_addlo
98 51056346
+1 8509391
-1 17018782
+3 51056346
+1 581484
cfn=(428)
calls=193828 -86 
* 41311045
+1 76584519
+1 8043165
+1 8043165
+1 4825899
+1 14477697
-1 4825899
+1 3217266
-1 1608633
+2 6434532
-3 34503790
+1 20702274
+1 62106822
-1 20702274
+1 13801516
-1 6900758
+2 27603032

fl=(91)
fn=(468) UM_data_set_instruction
283 81003740
+1 32401496
cfi=(92)
cfn=(456)
calls=16200748 54 
* 567026180
+2 16200748
-1 32401496
+1 32401496
-1 32401496
cfi=(92)
cfn=(470)
calls=16200748 60 
* 891041140

fn=(454)
202 95031798
+1 190063596
cfi=(92)
cfn=(456)
calls=95031798 54 
* 3326112930
+3 190063596

fn=(474) UM_data_seg_addhi
260 42096
cfi=(92)
cfn=(426)
calls=21048 89 
* 921522

fn=(462) UM_data_increment_pCounter
229 244498236
+1 81499412
-1 81499412
+1 162998824
cfi=(92)
cfn=(456)
calls=81499412 54 
* 2852479420
+3 244498236
+3 162998824
cfi=(92)
cfn=(464)
calls=81499412 50 
* 814994120
* 162998824
+4 81499412
+5 81499412
-2 81499412
+2 244498236

fn=(466) UM_data_duplicate_and_set_seg
265 32139981
+1 7142218
+12 3571109
+1 28568872

fn=(494) UM_data_seg_put
249 6968930
+1 1393786
-1 1393786
+1 1393786
cfi=(92)
cfn=(464)
calls=1393786 50 
* 13937860
* 1393786
+1 1393786
-1 1393786
+6 1393786
-5 2787572
+5 2787572
-5 1393786
cfi=(92)
cfn=(470)
calls=1393786 60 
* 76658230

fn=(368)
112 1
+1 2
cob=(1)
cfi=(70)
cfn=(281)
calls=1 -42 
* 1452
* 5
+1 1
-1 1
+1 1
cfi=(92)
cfn=(374)
calls=1 -88 
* 1877
+1 1
-1 1
+1 1
cfi=(92)
cfn=(374)
calls=1 -89 
* 509
+1 1
-1 1
+1 1
cfi=(92)
cfn=(374)
calls=1 -90 
* 509
-14 1
+14 1
-14 1
cob=(3)
cfi=(80)
cfn=(330)
calls=1 2888 
* 188
* 1
* 3
+3 2
-1 2
+1 12
-1 12
+13 1
+1 1
+3 3

fn=(460) UM_data_get_regs
184 85070521
+1 85070521

fn=(476) UM_data_get_segments_length
189 42096
cfi=(92)
cfn=(464)
calls=21048 50 
* 210480

fn=(488) UM_data_get_instruction
194 9500028
+1 9500028
-1 9500028
+1 9500028
cfi=(92)
cfn=(456)
calls=9500028 54 
* 332500980
+1 28500084
cfi=(92)
cfn=(456)
calls=9500028 54 
* 332500980
+3 19000056

fn=(528)
162 3
+1 1
-1 1
+1 1
+1 42098
-1 21049
+1 21049
cfi=(92)
cfn=(456)
calls=21049 54 
* 736715
+1 21049
-1 21049
+1 21049
cfi=(92)
cfn=(530)
calls=21049 45 
* 7071201
-2 63150
cfi=(92)
cfn=(464)
calls=21050 50 
* 210500
* 21050
+1 21050
-1 21050
+5 2
cfi=(92)
cfn=(530)
calls=1 45 
* 206
+1 3
cfi=(92)
cfn=(530)
calls=1 45 
* 206
+1 3
cob=(3)
cfi=(80)
cfn=(516)
calls=1 2924 
* 85
* 1
+1 2
cob=(3)
cfi=(80)
cfn=(516)
calls=1 2924 
* 89
* 1
+1 4

fn=(388)
139 7
+3 1
-1 1
-1 1
-1 2
+3 1
cfi=(92)
cfn=(374)
calls=1 26 
* 509
* 1
+2 2
cob=(1)
cfi=(70)
cfn=(281)
calls=1 -73 
* 1546
* 5
* 60220
cob=(3)
cfi=(95)
cfn=(394)
calls=30110 36 
* 1116390
* 30110
* 60222
+1 481760
-66 120440
+1 240880
+1 481760
-48 120440
+11 240880
+3 361320
-12 240880
+49 240880
-53 120440
+53 120440
-53 120440
+14 120440
-13 120440
+3 90330
+12 270990
+36 451650
+64 90330
-2 90330
+2 90330
-64 150550
+64 30110
-2 30110
+2 30110
-3 90330
+8 90330
-8 90330
cob=(3)
cfi=(95)
cfn=(394)
calls=90330 36 
* 3342210
* 90330
* 180660
+12 5
cfi=(92)
cfn=(450)
calls=1 -58 
* 56
+1 2
+1 1
+1 8
-11 60220
+1 30110
+1 30110
-2 30110
cfi=(92)
cfn=(426)
calls=30110 -59 
* 1310053
* 30110

fn=(490) UM_data_add_unmapped_loc
290 4230135
cfi=(92)
cfn=(426)
calls=1410045 89 
* 59256291

fn=(452)
179 85070522
+1 85070522

fn=(472) UM_data_get_next_unmapped_loc
216 2829668
+1 2829668
cfi=(92)
cfn=(464)
calls=1414834 50 
* 14148340
* 4244502
+5 63144
-4 2787572
cfi=(92)
cfn=(492)
calls=1393786 78 
* 69689300
+1 1393786
+3 4181358

fl=(94)
fn=(430)
47 1938610
+3 387722
+2 775444
+3 2132471
cfi=(93)
cfn=(432) Mem_resize
calls=193861 -14 
* 30556800
* 581583
+1 581583
+1 775444

fn=(386)
18 15563218
+2 2829676
-2 2829676
+4 4244514
+1 4244514
+1 2829676
+1 5659352
+3 2829676

fn=(532)
29 126306
+1 84204
-1 21051
+2 147357
cfi=(93)
cfn=(534) Mem_free
calls=21051 +5 
* 3914007
* 63153
+1 126306
cfi=(93)
cfn=(534)
calls=21051 +4 
* 2168209
* 42102
+1 42102

fl=(93)
fn=(432)
41 2132471
+3 969305
cob=(3)
cfi=(80)
cfn=(438)
calls=193860 2958 
* 26096673
cob=(1)
cfi=(70)
cfn=(281)
calls=1 +27 
* 1320
* 193865
* 193861
+1 387722
+7 193861
+1 387722

fn=(384)
8 11318704
+3 4244514
cob=(3)
cfi=(80)
cfn=(330)
calls=1414838 2888 
* 253354965
* 1414838
* 1414838
+1 2829676
+7 1414838
+1 2829676

fn=(534)
36 252612
+1 84204
+1 126306
cob=(3)
cfi=(80)
cfn=(516)
calls=42101 2924 
* 5491506
cob=(1)
cfi=(70)
cfn=(281)
calls=1 +33 
* 1278
* 42106
+1 84204

fn=(376)
22 15563218
+4 7074190
cob=(3)
cfi=(80)
cfn=(382)
calls=1414837 3183 
* 316949189
cob=(1)
cfi=(70)
cfn=(281)
calls=1 +45 
* 1588
* 1414842
* 1414838
+1 2829676
+7 1414838
+1 2829676

fl=(101)
fn=(458)
99 510423132
+3 85070522
-64 85070522
+61 85070522
-61 85070522
+61 85070522
+6 170141044
-67 367617754
+78 157550466
290 7142218
cfi=(91)
cfn=(460)
calls=3571109 184 
* 7142218
+1 14284436
cfi=(91)
cfn=(466)
calls=3571109 -26 
* 71422180
166 3571109
+5 28568880
+18 38922608
cfi=(91)
cfn=(460)
calls=19461304 -5 
* 38922608
+2 19461304
+1 19461304
-1 38922608
+4 28500084
cfi=(91)
cfn=(488)
calls=9500028 -1 
* 750502212
* 19000056
+7 32401496
cfi=(91)
cfn=(460)
calls=16200748 -18 
* 32401496
+1 81003740
cfi=(91)
cfn=(468)
calls=16200748 +80 
* 1684877792
-32 81499412
-9 81499412
+9 488996472
-9 81499412
cfi=(91)
cfn=(462)
calls=81499412 +67 
* 5297461780
+18 5492838
cfi=(91)
cfn=(460)
calls=2746419 +4 
* 5492838
+1 8239257
+1 7386690
+28 6282080
cfi=(91)
cfn=(460)
calls=3141040 -26 
* 6282080
+1 12564160
+6 209830
cfi=(91)
cfn=(460)
calls=104915 -33 
* 209830
+1 419660
+6 340672
cfi=(91)
cfn=(460)
calls=170336 -40 
* 340672
* 170336
+1 851680
+6 8591780
cfi=(91)
cfn=(460)
calls=4295890 -47 
* 8591780
+1 21479450
-85 2
+91 1414834
+3 1414834
-3 1414834
cfi=(91)
cfn=(460)
calls=1414834 -54 
* 2829668
* 1414834
+1 1414834
+2 1414834
-2 1414834
cfi=(92)
cfn=(374)
calls=1414834 26 
* 720275170
* 1414834
+2 5659336
+1 2829668
-1 1414834
+1 1414834
cfi=(92)
cfn=(450)
calls=1414834 98 
* 79230704
* 14189112
-1 7094556
+1 7094556
cfi=(92)
cfn=(450)
calls=7094556 98 
* 404683875
-1 17018780
+4 2829668
cfi=(91)
cfn=(472)
calls=1414834 -29 
* 102167338
* 1414834
+5 4244502
+4 42096
+1 21048
-1 21048
cfi=(91)
cfn=(474)
calls=21048 +6 
* 963618
+1 42096
cfi=(91)
cfn=(476)
calls=21048 -66 
* 252576
* 63144
+7 2820090
cfi=(91)
cfn=(460)
calls=1410045 -78 
* 2820090
+1 4230135
cfi=(91)
cfn=(490)
calls=1410045 +27 
* 63486426
* 1410045
+5 362
cfi=(91)
cfn=(460)
calls=181 -84 
* 362
+1 724
+2 724
cob=(3)
cfi=(105)
cfn=(502)
calls=180 27 
* 73822
cob=(1)
cfi=(70)
cfn=(281)
calls=1 71 
* 1848
* 185
* 181
+26 65107400
cfi=(91)
cfn=(460)
calls=32553700 184 
* 65107400
+1 195322200
192 29883828
cfi=(91)
cfn=(454)
calls=9961276 +10 
* 398451040
* 19922552
+59 5575144
cfi=(91)
cfn=(494)
calls=1393786 -2 
* 114290452
+1 2787572

totals: 17473199317
