1971
1972
1962
1965
1965
1955
1973
1969
1960
1968
1975
1969
1960
1962
1967
1973
1976
1920
1960
1963
1973
1974
1958
1976
1954
1977
1970
1972
1964
1969
1971
1974
1976
1976
1979
1977
1967
1978
1970
1980
1975
1972
1979
1965
1959
1960
1979
1965
1977
1979
1970
1983
1982
1982
1973
1983
1979
1972
1961
1983
1981
1962
1963
1970
1979
1981
2001
1981
1980
1972
1975
1972
1971
1979
1975
1972
1970
1983
1984
1979
1977
1980
1972
1985
1986
1970
1975
1965
1982
1983
1986
1981
1979
1969
1985
1980
1979
1965
1982
1978
1986
1986
1987
1986
1985
1981
1968
1986
1986
1975
1983
1972
1981
1979
1977
1946
1974
1983
1978
1957
1987
1987
1987
1970
1977
1987
1987
1968
1965
1987
1986
1988
1968
1977
1965
1974
1972
1988
1982
1988
1982
1988
1987
1988
1988
1989
1960
1958
1984
1988
1988
1977
1989
1965
1972
1983
1975
1962
1977
1978
1989
1977
1990
1990
1990
1975
1983
1964
1991
1983
1974
1978
1973
1984
1991
1990
1991
1990
1989
1991
1984
1991
1991
1991
1991
1990
1992
1984
1992
1985
1965
1986
1983
1984
1986
1987
1983
1970
1976
1990
1992
1992
1992
1987
1988
1991
1974
1974
1980
1984
1961
1991
1988
1993
1993
1984
1973
1993
1980
1969
1977
1977
1986
1995
1994
1987
1975
1978
1971
1983
1994
1967
1978
1994
1985
1983
1983
1984
1966
1995
1974
-1
