1954
1933
1948
1950
1952
1950
1961
1968
1929
1950
1969
1966
1952
1959
1969
1970
1942
1931
1969
1943
1959
1928
1944
1958
1962
1950
1961
1954
1957
1965
1957
1952
1970
1973
1933
1961
1948
1924
1963
1967
1936
1960
1949
1970
1950
1962
1947
1927
1957
1939
1938
1962
1945
1960
1961
1950
1951
1959
1925
1941
1954
1958
1960
1955
1955
1951
1966
1958
1944
1964
1931
1960
1955
1960
1953
1946
1938
1943
1942
1988
1933
1949
1963
1943
1969
1967
1959
1946
1961
1963
1955
1952
1957
1932
1963
1941
1962
1934
1964
1953
1946
1942
1940
1964
1961
1953
1945
1959
1968
1970
1954
1930
1927
1961
1946
1947
1964
1973
1950
1970
1967
1954
1961
1961
1943
1942
1953
1969
1971
1968
1965
1946
1964
1928
1962
1955
1967
1939
1954
1943
1967
1962
1935
1925
1951
1961
1939
1959
1962
1948
1922
1944
1952
1943
1936
1964
1962
1946
1960
1937
1956
1950
1950
1964
1939
1964
1931
1970
1957
1937
1972
1947
1958
1957
1970
1963
1963
1956
1939
1964
1927
1944
1964
1929
1970
1946
1927
1967
1954
1937
1945
1946
1918
1949
1972
1953
1954
1958
1972
1934
1949
1938
1930
1947
1940
1951
1950
1946
1954
1947
1956
1923
1963
1926
1936
1958
1963
1952
1962
1950
1950
1946
1947
1945
1953
1959
1957
1943
1934
1972
1962
1942
1950
1969
1964
1970
1961
1967
1954
1948
1933
1929
1947
1970
1926
1928
1940
1943
1943
1949
1956
1957
1957
1924
1961
1969
1942
1959
1930
1966
1943
1952
1950
1924
1966
1936
1917
1956
1967
1951
1940
1971
1959
1935
1958
1949
1957
1969
1967
1970
1952
1950
1951
1950
1948
1952
1939
1952
1949
1950
1954
1962
1948
1954
1937
1961
1953
1931
1946
1943
1962
1955
1964
1943
1965
1942
1964
1962
1950
1954
1960
1963
1945
1964
1958
1955
1951
1953
1957
1947
1955
1946
1958
1944
1964
1955
1951
1939
1960
1954
1947
1961
1964
1943
1961
1951
1968
1966
1949
1957
1952
1930
1961
1942
1922
1947
1946
1968
1958
1963
1953
1950
1952
1964
1966
1965
1949
1938
1954
1955
1961
1966
1963
1914
1926
1921
1944
1958
1955
1969
1958
1947
1913
1969
1943
1945
1964
1967
1944
1962
1940
1941
1962
1948
1932
1956
1956
1951
1966
1931
1963
1923
1955
1970
1927
1952
1947
1964
1938
1957
1965
1952
1957
1940
1949
1941
1959
1964
1940
1947
1956
1957
1942
1946
1949
1958
1958
1951
1940
1965
1947
1958
1949
1940
1965
1935
1959
1940
1946
1967
1957
1932
1960
1960
1941
1946
1929
1965
1962
1959
1931
1950
1933
1959
1945
1965
1946
1960
1944
1930
1947
1958
1941
1946
1970
1948
1967
1945
1947
1934
1990
1923
1964
1938
1971
1970
1951
1938
1951
1963
1941
1951
1959
1942
1945
1953
1963
1964
1971
1947
1948
1943
1960
1953
1939
1969
1932
1962
1960
1952
1971
1968
1937
1964
1950
1969
1931
1942
1940
1962
1965
1958
1938
1936
1942
1943
1968
1964
1960
1923
1947
1941
1955
1952
1956
1927
1959
1927
1941
1972
1942
1966
1947
1963
1940
1953
1943
1964
1955
1952
1966
1958
1940
1932
1971
1936
1927
1937
1931
1940
1955
1946
1962
1947
1940
1955
1939
1926
1945
1956
1943
1969
1948
1915
1940
1962
1951
1955
1955
1967
1962
1956
1966
1923
1957
1947
1959
1961
1958
1932
1947
1956
1961
1925
1951
1953
1957
1948
1971
1930
1931
1964
1965
1931
1930
1934
1952
1911
1962
1938
1961
1954
1965
1929
1944
1948
1930
1969
1951
1952
1953
1942
1951
1929
1939
1991
1921
1949
1927
1949
1965
1957
1939
1941
1962
1931
1924
1958
1966
1968
1944
1961
1948
1969
1970
1959
1935
1946
1925
1951
1971
1959
1959
1919
1948
1944
1963
1941
1927
1920
1963
1963
1968
1952
1973
1956
1949
1939
1940
1947
1991
1965
1967
1968
1964
1968
1956
1954
1966
1959
1962
1945
1968
1959
1960
1969
1967
1946
1959
1917
1936
1964
1965
1991
1926
1954
1973
1963
1973
1948
1951
1950
1946
1931
1954
1974
1959
1933
1956
1929
1937
1938
1933
1940
1946
1916
1929
1956
1957
1940
1957
1962
1928
1959
1935
1966
1968
1960
1950
1951
1972
1953
1949
1955
1923
1916
1938
1934
1930
1929
1939
1964
1934
1919
1941
1962
1959
1947
1959
1949
1960
1941
1958
1921
1955
1965
1962
1967
1940
1941
1950
1924
1941
1961
1952
1947
1947
1928
1955
1959
1941
1962
1931
1941
1945
1961
1915
1950
1954
1934
1970
1960
1949
1972
1964
1967
1959
1968
1962
1962
1963
1949
1969
1949
1970
1948
1910
1970
1962
1910
1963
1955
1959
1950
1968
1940
1966
1941
1972
1972
1951
1947
1969
1953
1956
1933
1948
1964
1950
1930
1930
1925
1950
1971
1964
1941
1952
1924
1922
1935
1912
1942
1955
1954
1941
1919
1947
1947
1948
1950
1961
1925
1945
1936
1913
1968
1963
1953
1951
1950
1950
1966
1949
1937
1924
1938
1966
1946
1968
1953
1961
1941
1951
1954
1953
1960
1956
1934
1958
1944
1952
1934
1955
1965
1926
1970
1949
1959
1970
1950
1953
1926
1944
1966
1953
1950
1962
1969
1969
1956
1946
1915
1962
1966
1930
1973
1962
1971
1972
1945
1950
1966
1965
1914
1949
1967
1961
1961
1960
1957
1945
1955
1970
1949
1947
1963
1930
1946
1920
1972
1955
1962
1935
1956
1959
1967
1927
1954
1969
1967
1943
1974
1916
1944
1955
1970
1949
1957
1929
1956
1957
1957
1920
1911
1955
1959
1920
1948
1959
1964
1937
1946
1961
1962
1969
1959
1965
1945
1958
1959
1959
1955
1966
1958
1921
1940
1947
1947
1966
1960
1968
1939
1952
1925
1917
1954
1960
1941
1947
1929
1966
1919
1960
1956
1933
1927
1969
1958
1952
1955
1951
1950
1937
1954
1967
1935
1933
1962
1973
1922
1953
1938
1965
1949
1969
1932
1930
1942
1944
1961
1956
1956
1964
1964
1951
1928
1959
1965
1948
1945
1972
1968
1962
1965
1964
1941
1918
1967
1960
1957
1954
1965
1963
1945
1965
1961
1938
1939
1957
1950
1923
1968
1958
1916
1912
1965
1954
1965
1967
1961
1954
1945
1964
1953
1962
1962
1965
1962
1962
1991
1957
1948
1946
1958
1956
1927
1964
1941
1925
1965
1934
1929
1967
1946
1991
1943
1963
1959
1965
1950
1952
1935
1945
1947
1955
1949
1962
1931
1959
1949
1928
1927
1957
1922
1938
1927
1935
1962
1956
1960
1925
1955
1953
1971
1952
1932
1969
1943
1946
1965
1939
1949
1952
1969
1956
1935
1914
1950
1923
1970
1952
1929
1938
1953
1939
1971
1940
1959
1924
1933
1957
1961
1950
1950
1937
1919
1966
1966
1977
1962
1970
1925
1934
1948
1967
1930
1938
1930
1959
1952
1949
1924
1929
1934
1967
1924
1917
1967
1965
1962
1933
1941
1950
1943
1952
1950
1933
1934
1913
1955
1972
1968
1949
1991
1969
1955
1959
1936
1965
1968
1937
1955
1954
1955
1952
1954
1954
1958
1910
1934
1952
1946
1951
1933
1957
1951
1964
1965
1948
1950
1926
1952
1949
1942
1959
1961
1951
1948
1948
1948
1956
1956
1952
1961
1968
1965
1943
1991
1991
1991
1944
1964
1991
1991
1991
1991
1971
1970
1966
1922
1942
1972
1947
1938
1966
1936
1974
1945
1991
1957
1991
1929
1974
1966
1952
1948
1954
1932
1969
1947
1949
1948
1965
1940
1966
1962
1958
1962
1940
1968
1961
1964
1949
1959
1950
1943
1942
1966
1935
1962
1960
1962
1954
1991
1968
1958
1921
1958
1930
1966
1964
1949
1950
1931
1972
1991
1971
1968
1965
1928
1936
1962
1931
1942
1960
1967
1926
1937
1959
1963
1964
1960
1961
1932
1963
1937
1960
1949
1973
1966
1960
1935
1965
1950
1965
1961
1939
1966
1970
1970
1956
1966
1964
1957
1951
1962
1942
1960
1966
1968
1967
1968
1968
1965
1966
1965
1952
1957
1957
1968
1957
1967
1963
1962
1973
1961
1946
1960
1969
1950
1950
1953
1930
1948
1965
1961
1965
1963
1930
1972
1959
1969
1970
1968
1939
1969
1933
1950
1968
1968
1970
1949
1972
1971
1951
1966
1961
1964
1955
1966
1971
1944
1964
1947
1941
1956
1955
1991
1959
1963
1955
1961
1967
1955
1953
1960
1972
1932
1955
1966
1988
1970
1972
1968
1971
1941
1948
1935
1945
1935
1948
1952
1953
1972
1952
1962
1969
1963
1968
1966
1951
1967
1966
1965
1954
1967
1969
1968
1966
1936
1958
1961
1969
1961
1967
1965
1963
1957
1965
1964
1965
1926
1940
1963
1961
1961
1944
1968
1961
1938
1958
1913
1948
1964
1971
1957
1954
1956
1964
1945
1959
1934
1961
1943
1956
1957
1955
1949
1956
1956
1960
1965
1966
1959
1959
1958
1946
1955
1961
1961
1938
1957
1961
1962
1931
1957
1961
1948
1953
1952
1964
1938
1956
1938
1930
1952
1940
1946
1965
1965
1935
1942
1938
1952
1948
1962
1956
1970
1963
1953
1949
1964
1959
1933
1943
1966
1958
1973
1952
1936
1945
1933
1957
1926
1972
1964
1957
1946
1927
1957
1935
1945
1950
1959
1967
1955
1950
1948
1972
1966
1946
1966
1958
1956
1955
1946
1967
1958
1968
1960
1920
1932
1968
1954
1942
1947
1959
1953
1947
1948
1937
1958
1957
1950
1961
1939
1963
1950
1949
1962
1968
1947
1948
1950
1964
1936
1961
1970
1962
1972
1991
1967
1940
1936
1953
1947
1954
1944
1950
1936
1956
1941
1952
1961
1943
1971
1965
1970
1925
1973
1972
1958
1952
1959
1942
1961
1962
1954
1958
1968
1967
1971
1953
1968
1959
1955
1945
1963
1968
1964
1949
1933
1969
1939
1942
1953
1992
1972
1972
1963
1948
1923
1934
1933
1948
1950
1964
1929
1970
1946
1960
1968
1969
1956
1956
1944
1965
1945
1942
1954
1963
1956
1961
1954
1963
1935
1951
1928
1941
1970
1965
1962
1929
1956
1992
1941
1952
1933
1957
1958
1951
1933
1947
1959
1934
1971
1967
1943
1937
1962
1961
1958
1943
1961
1965
1930
1969
1962
1944
1937
1948
1956
1953
1956
1958
1961
1953
1951
1946
1964
1972
1960
1951
1959
1961
1947
1963
1960
1955
1969
1944
1969
1961
1957
1954
1966
1963
1964
1964
1938
1942
1961
1959
1966
1968
1965
1952
1962
1948
1954
1953
1972
1936
1953
1945
1934
1941
1960
1940
1938
1946
1946
1957
1937
1965
1955
1962
1959
1968
1966
1959
1953
1958
1962
1935
1950
1971
1965
1967
1965
1936
1970
1931
1960
1969
1963
1969
1955
1946
1935
1947
1950
1956
1960
1960
1961
1927
1964
1961
1967
1960
1942
1969
1969
1974
1962
1955
1950
1943
1946
1971
1946
1966
1958
1962
1964
1955
1966
1959
1956
1961
1956
1950
1964
1957
1955
1961
1942
1959
1961
1966
1952
1946
1958
1949
1947
1957
1966
1960
1962
1941
1968
1970
1963
1944
1955
1955
1931
1934
1964
1959
1964
1972
1962
1943
1941
1938
1937
1951
1957
1931
1948
1939
1946
1970
1972
1960
1965
1941
1948
1955
1949
1941
1965
1964
1957
1948
1965
1963
1959
1947
1945
1959
1947
1947
1960
1963
1968
1938
1969
1951
1962
1960
1941
1964
1952
1952
1953
1966
1965
1966
1970
1960
1969
1945
1948
1970
1916
1948
1947
1926
1933
1943
1943
1970
1967
1953
1954
1957
1960
1929
1958
1963
1968
1946
1926
1951
1926
1958
1965
1923
1932
1950
1947
1947
1967
1964
1949
1946
1961
1960
1938
1970
1951
1968
1957
1958
1943
1955
1950
1945
1992
1954
1952
1953
1956
1959
1968
1959
1964
1965
1967
1963
1961
1944
1968
1966
1945
1970
1913
1943
1958
1954
1924
1935
1953
1959
1947
1952
1973
1964
1952
1992
1939
1966
1967
1959
1939
1956
1947
1941
1944
1972
1968
1965
1969
1964
1967
1962
1945
1949
1952
1965
1962
1964
1961
1954
1959
1957
1955
1948
1957
1969
1950
1953
1964
1933
1957
1952
1942
1955
1936
1965
1992
1958
1968
1950
1952
1964
1950
1952
1945
1965
1958
1955
1949
1967
1961
1948
1970
-1
