version: 1
creator: callgrind-3.11.0
pid: 19722
cmd:  ./um umbin/sandmark.umz
part: 1


desc: I1 cache: 
desc: D1 cache: 
desc: LL cache: 

desc: Timerange: Basic block 0 - 26586767078
desc: Trigger: Program termination

positions: line
events: Ir
summary: 176241029691


ob=(2) ???
fl=(16) ???
fn=(294) 0x0000000000400958
0 6

fn=(330) 0x0000000004f478c0
0 1
cob=(3) /usr/lib64/libc-2.17.so
cfi=(80) /usr/src/debug/glibc-2.17-c758a686/malloc/malloc.c
cfn=(332) malloc
calls=1 2888 
0 58084

fn=(258) 0x0000000004c2b170
0 6

fn=(552) 0x0000000004f478c8
0 806
cob=(3)
cfi=(80)
cfn=(554) free
calls=806 2924 
0 5642

fn=(226) 0x0000000004a24510
0 6

ob=(4) /usr/lib64/libm-2.17.so
fl=(59) /usr/src/debug////////glibc-2.17-c758a686/math/../sysdeps/x86_64/fpu/multiarch/s_floor.S
fn=(206) floor
25 1
+1 1
+1 1
+1 1
+2 1

fl=(52) /usr/src/debug/glibc-2.17-c758a686/math/../sysdeps/x86_64/fpu/multiarch/s_sin.c
fn=(192) cos
20 8

fl=(58) /usr/src/debug////////glibc-2.17-c758a686/math/../sysdeps/x86_64/fpu/multiarch/s_floorf.S
fn=(204) floorf
25 1
+1 1
+1 1
+1 1
+2 1

fl=(51) /usr/src/debug/glibc-2.17-c758a686/math/../sysdeps/x86_64/fpu/multiarch/e_exp.c
fn=(190) __exp_finite
15 8

fl=(56) /usr/src/debug////////glibc-2.17-c758a686/math/../sysdeps/x86_64/fpu/multiarch/s_rintf.S
fn=(200) rintf
25 1
+1 1
+1 1
+1 1
+2 1

fl=(55) ???
fn=(262) 0x00000000000056d0
0 16

fn=(210) __atan2_finite
0 8

fn=(198) __log_finite
0 8

fn=(212) sin
0 8

fl=(53) /usr/src/debug////////glibc-2.17-c758a686/math/../sysdeps/x86_64/fpu/multiarch/s_rint.S
fn=(194) rint
25 1
+1 1
+1 1
+1 1
+2 1

fl=(57) /usr/src/debug/glibc-2.17-c758a686/math/../sysdeps/x86_64/fpu/multiarch/e_asin.c
fn=(202) __acos_finite
10 5

fn=(208) __asin_finite
16 5

fl=(54) /usr/src/debug/glibc-2.17-c758a686/math/../sysdeps/x86_64/fpu/multiarch/e_pow.c
fn=(196) __pow_finite
8 5

ob=(5) /usr/sup/valgrind-3.11.0/lib/valgrind/vgpreload_core-amd64-linux.so
fl=(61) ???
fn=(230) 0x0000000000000640
0 17

ob=(3)
fl=(86) /usr/src/debug/glibc-2.17-c758a686/misc/../sysdeps/unix/sysv/linux/x86_64/brk.c
fn=(350) brk
31 1979
-3 1979
+3 13853
+8 1979
-6 3958
+7 1056
-5 1846
+1 923
+4 923

fl=(104) /usr/src/debug////////glibc-2.17-c758a686/string/../sysdeps/x86_64/multiarch/memcpy-ssse3-back.S
fn=(502) __memcpy_ssse3_back
59 90
+14 90
+1 90
+4 48
+1 48
+8 192
+7 42
+1 42
+32 42
+2 42
+1 42
+1 42
+2 39
+1 39
+1 39
+1 39
+1 39
+1 39
+1 39
+1 39
+1 39
+1 39
+1 39
+1 39
+51 39
+2 39
+1 39
+1 39
+1 39
+1 39
+1 39
+1 39
+1 39
+1 39
+1 39
+1 39
+1 39
+1 39
+1 39
+1 39
+1 39
+1 39
+1 39
+1 39
+1 39
-19 3607
+1 3607
+1 3607
+1 3607
+1 3607
+1 3607
+1 3607
+1 3607
+1 3607
+1 3607
+1 3607
+1 3607
+1 3607
+1 3607
+1 3607
+1 3607
+1 3607
+1 3607
+1 3607
+1 3607
+2 39
+1 39
+1 39
+1 39
+1 156
1575 3
+1 3
+2 3
+1 3
+1 3
+1 3
+1 3
+1 3
+1 3
+6 3
+11 3
+1 3
+1 3
+2 3
+1 3
+1 3
+39 3
+2 3
+2 3
+1 3
+1 3
+1 3
+1 3
+1 3
+1 3
+1 3
+1 3
+1 3
+1 3
+1 3
+1 3
+1 3
+1 3
+1 3
+1 3
+1 3
+1 3
+1 3
+1 3
+1 3
+1 3
+1 3
-23 3066
+1 3066
+1 3066
+1 3066
+1 3066
+1 3066
+1 3066
+1 3066
+1 3066
+1 3066
+1 3066
+1 3066
+1 3066
+1 3066
+1 3066
+1 3066
+1 3066
+1 3066
+1 3066
+1 3066
+1 3066
+1 3066
+1 3066
+1 3066
+2 3
+1 3
+1 3
+1 3
+1 12
2259 33
+1 33
+2 33
+1 33
+2 33
+1 33
+2 33
+1 33
+2 33
+1 33
+2 33
+1 33
+2 33
+1 33
+2 33
+1 33
+2 33
-6 5
+1 5
+2 5
+1 5
+2 5
-3 4
+1 4
+2 39
2562 1
+1 1
+2 1
+1 1
+2 1
+1 1
+1 1
+1 1
+1 1
-7 1
+1 1
+2 1
+1 1
+1 1
+1 1
+1 1
+4 11
+1 11
+1 11

fl=(64) /usr/src/debug/glibc-2.17-c758a686/misc/init-misc.c
fn=(242) __init_misc
30 4
+1 5
+2 3
cfi=(65) /usr/src/debug////////glibc-2.17-c758a686/string/../sysdeps/x86_64/strrchr.S
cfn=(244) __GI_strrchr
calls=1 -8 
* 34
+4 5
+1 3
+2 4

fl=(108) /usr/src/debug////////glibc-2.17-c758a686/string/../sysdeps/x86_64/strchrnul.S
fn=(544) strchrnul
26 806
+1 806
+1 806
+1 806
+1 806
+1 806
+1 806
+1 806
+1 806
+1 806
+1 806
+1 806
+1 806
+1 806
+1 806
+1 806
+1 806
+1 806
+1 806
+1 806
+12 806
+1 806
+1 806

fl=(106) /usr/src/debug/glibc-2.17-c758a686/stdio-common/fprintf.c
fn=(540) fprintf
27 2821
+4 403
+1 403
-1 2015
+1 403
cfi=(107) /usr/src/debug/glibc-2.17-c758a686/stdio-common/vfprintf.c
cfn=(542) vfprintf
calls=403 222 
* 158646
+4 806

fl=(45) /usr/src/debug/glibc-2.17-c758a686/time/../sysdeps/unix/sysv/linux/x86_64/time.c
fn=(174) time
36 1
+1 1
+3 2
-3 4
+3 1
cfi=(46) /usr/src/debug/glibc-2.17-c758a686/elf/../sysdeps/unix/sysv/linux/dl-vdso.c
cfn=(176) _dl_vdso_vsym
calls=1 -13 
* 7
* 3
+1 3

fl=(68) /usr/src/debug/glibc-2.17-c758a686/stdlib/bsearch.c
fn=(254) bsearch
26 8
+5 8
-5 72
+7 8
-7 16
+7 8
+7 8
+1 8
-8 16
+2 54
+2 54
-2 54
+1 162
+1 108
cfi=(67) /usr/src/debug/glibc-2.17-c758a686/string/../sysdeps/x86_64/cacheinfo.c
cfn=(256) intel_02_known_compare
calls=54 +84 
* 324
+1 108
+1 46
-6 92
+14 8
-1 8
+1 56

fl=(75) /usr/src/debug////////glibc-2.17-c758a686/setjmp/../sysdeps/x86_64/setjmp.S
fn=(308) __sigsetjmp
26 1
+9 1
+1 2
+1 1
+4 1
+1 1
+1 1
+1 1
+1 1
+2 2
+2 1
+1 1
+1 1
+2 2
+2 1
+9 1
cfi=(76) /usr/src/debug/glibc-2.17-c758a686/setjmp/sigjmp.c
cfn=(310) __sigjmp_save
calls=1 -35 
* 9

fl=(44) /usr/src/debug////////glibc-2.17-c758a686/string/../sysdeps/x86_64/multiarch/strcmp.S
fn=(180) strncasecmp
120 1
+2 1
+1 1
+1 1
+9 1

fn=(172) strcasecmp
100 1
+2 1
+1 1
+1 1
+9 1

fl=(76)
fn=(310)
29 2
-1 2
+1 2
+5 3

fl=(48) /usr/src/debug////////glibc-2.17-c758a686/string/../sysdeps/x86_64/multiarch/memset.S
fn=(182) memset
27 1
+1 1
+1 1
+1 1
+1 1
+2 1
+1 1
+5 1

fl=(78) /usr/src/debug/glibc-2.17-c758a686/io/../sysdeps/unix/sysv/linux/wordsize-64/xstat.c
fn=(320) _xstat
36 1
-1 1
+1 1
+1 6
+4 1

fl=(88) /usr/src/debug/glibc-2.17-c758a686/libio/fileops.c
fn=(546) _IO_file_xsputn@@GLIBC_2.2.5
1329 806
+7 806
-7 5642
+6 1612
+69 6448

fn=(356) _IO_new_file_init_internal
144 1
+4 1
-4 3
+5 1
-1 1
+3 1
cfi=(87) /usr/src/debug/glibc-2.17-c758a686/libio/genops.c
cfn=(358) _IO_link_in
calls=1 -51 
* 82
+1 1
+1 4

fn=(556) _IO_do_write@@GLIBC_2.2.5
516 16
+2 32
-2 80
+2 16
+12 64
+7 64
+8 16
fi=(99) /usr/src/debug/glibc-2.17-c758a686/libio/libioP.h
959 32
+1 32
fe=(88)
545 64
cfn=(558) _IO_file_write@@GLIBC_2.2.5
calls=16 1302 
* 688
* 16
+1 48
+6 16
-4 16
+4 16
-4 48
+1 32
+3 16
-2 16
-32 32
+1 48
-1 16
+1 16
-1 16
+1 32
+32 32
-4 64

fn=(558)
1302 112
+2 80
+11 16
+1 16
-12 32
+5 16
-1 48
+1 32
cfi=(89) /usr/src/debug////////glibc-2.17-c758a686/io/../sysdeps/unix/syscall-template.S
cfn=(560) write
calls=16 81 
* 112
+1 32
+9 48
+3 144

fn=(550) _IO_file_overflow@@GLIBC_2.2.5
831 1612
+1 1209
+7 2817
+35 806
+3 806
+3 1209
+1 1209
+1 1612
+4 403
+1 1612
-45 2
+12 2
+9 4
+8 1
-4 1
+3 2
-2 2
-3 1
+1 2
+5 1
-1 1
+1 3
+1 2
+12 32
-1 16
+1 16
-1 16
cfn=(556)
calls=16 516 
* 1584
* 32
-39 2
cfi=(87)
cfn=(406) _IO_doallocbuf
calls=1 415 
* 156
+1 6

fn=(422) _IO_file_read
1252 28
cfi=(89)
cfn=(424) read
calls=7 81 
* 49

fn=(360) _IO_file_fopen@@GLIBC_2.2.5
268 1
+12 1
-12 8
+11 3
+2 4
438 8
289 2
-20 1
+37 22
-2 2
+43 1
233 1
+1 2
-1 1
+4 1
cfi=(89)
cfn=(362) open
calls=1 81 
* 7
* 1
+4 2
+3 1
-1 1
+1 2
+3 2
-3 1
+3 1
+10 2
cfi=(87)
cfn=(358)
calls=1 100 
* 11
367 3
cfi=(90) /usr/src/debug/glibc-2.17-c758a686/string/../string/strstr.c
cfn=(366) __GI_strstr
calls=1 53 
* 25
* 1
+1 3
-62 2
-21 1
-1 1
-15 2

fn=(404) _IO_file_underflow@@GLIBC_2.2.5
559 56
+8 21
+6 21
+3 14
+13 14
fi=(99)
886 21
fe=(88)
609 14
cfi=(87)
cfn=(420) _IO_switch_to_get_mode
calls=7 183 
* 168
+11 7
-5 7
fi=(99)
959 7
fe=(88)
615 14
fi=(99)
959 7
fe=(88)
616 7
+2 7
fi=(99)
960 7
fe=(88)
617 14
fi=(99)
960 7
fe=(88)
620 28
cfn=(422)
calls=7 1252 
* 77
+2 14
+10 6
-3 6
+3 12
+2 12
+1 69
-56 3
+5 2
cfi=(87)
cfn=(406)
calls=1 415 
* 143
* 2
+41 1
-1 1
+1 2
+10 1
-4 1
+4 7

fn=(410) _IO_file_stat
1270 2
+1 6
cfi=(97) /usr/src/debug/glibc-2.17-c758a686/io/../sysdeps/unix/sysv/linux/wordsize-64/fxstat.c
cfn=(412) _fxstat
calls=2 36 
* 20

fl=(72) /usr/src/debug/glibc-2.17-c758a686/csu/../csu/libc-start.c
fn=(286) (below main)
134 7
+10 1
-10 3
+10 7
+62 1
-62 1
+62 1
+1 4
cfi=(73) /usr/src/debug/glibc-2.17-c758a686/stdlib/cxa_atexit.c
cfn=(288) __cxa_atexit
calls=1 56 
* 61
+22 6
+3 2
+1 5
cob=(6) /h/vhugec01/Desktop/comp40/hw6/um/um
cfi=(69) ???
cfn=(292) __libc_csu_init
calls=1 0 
* 57
+4 4
+15 2
+9 2
cfi=(74) /usr/src/debug////////glibc-2.17-c758a686/setjmp/../sysdeps/x86_64/bsd-_setjmp.S
cfn=(306) _setjmp
calls=1 33 
* 30
+1 2
+5 2
+1 2
+3 2
+3 6
cob=(6)
cfi=(77) /h/vhugec01/Desktop/comp40/hw6/um/UM_main.c
cfn=(312) main
calls=1 16 
* 176240863931

fl=(66) /usr/src/debug/glibc-2.17-c758a686/ctype/ctype-info.c
fn=(246) __ctype_init
32 5
+2 1
-2 2
+2 3
+2 5

fl=(83) /usr/src/debug/glibc-2.17-c758a686/elf/dl-addr.c
fn=(338) _dl_addr
126 9
+5 1
-5 2
+5 2
cob=(1) /usr/lib64/ld-2.17.so
cfi=(2) /usr/src/debug/glibc-2.17-c758a686/elf/rtld.c
cfn=(50) rtld_lock_default_lock_recursive
calls=1 917 
* 2
+3 6
+1 4
+1 20
+1 2
30 1
+1 1
-1 1
+4 2
+5 1
+6 1
-7 1
+2 2
+2 1
-2 1
+2 1
+3 1
+5 7
+2 1
+1 2
-1 1010
+1 2020
+2 4961
+6 11170
+2 8936
+1 16325
+7 2234
-2 2234
+2 5479
-21 2022
+49 3
+1 1
+1 3
+3 2
+41 3
cob=(1)
cfi=(2)
cfn=(52) rtld_lock_default_unlock_recursive
calls=1 923 
* 2
+3 9
-13 9
-19 1
+1 1
+23 2

fl=(97)
fn=(412)
36 2
-1 2
+1 2
+1 12
+4 2

fl=(87)
fn=(402) _IO_default_uflow
435 7
fi=(99)
957 14
fe=(87)
435 7
fi=(99)
957 7
fe=(87)
435 14
+1 7
fi=(99)
959 14
+1 14
fe=(87)
436 14
cfi=(88)
cfn=(404)
calls=7 559 
* 800
+1 14
+2 24
+1 28

fn=(400) __uflow
364 28
+2 22
+6 35
+3 14
+2 14
+6 14
+7 7
fi=(99)
957 21
+2 14
+1 14
fe=(87)
390 7
+1 7
-1 7
+1 14
-1 7
cfn=(402)
calls=7 +45 
* 964
-24 12
+22 21

fn=(416) _IO_setb
400 10
+1 8
+3 2
+2 8
-3 2
+3 4
+3 8

fn=(406)
415 6
+1 2
-1 2
+1 2
+6 8
-4 6
+1 2
fi=(99)
957 6
+2 4
+1 4
fe=(87)
419 4
cfi=(96) /usr/src/debug/glibc-2.17-c758a686/libio/filedoalloc.c
cfn=(408) _IO_file_doallocate
calls=2 96 
* 249
* 4

fn=(358)
100 8
+1 6
+4 1
-2 2
+2 5
+1 10
+2 1
-2 1
+1 1
+1 1
-2 1
+2 1
-2 1
+2 14
+2 1
-2 1
+4 1
+2 1
-3 1
-1 1
+4 7
+2 1
-1 1
+1 8
+1 2
+3 8
-6 7

fn=(354) _IO_old_init
633 1
-16 1
+1 1
+15 1
+5 1
-21 1
+2 1
+1 1
+1 1
+17 1
-16 1
+1 1
+1 1
+1 1
+1 1
+1 1
+2 1
+1 1
+1 1
+1 1
+6 1
+1 4

fn=(420)
183 28
+1 21
+3 21
+5 7
-1 14
+1 7
+7 7
-4 7
+2 14
+2 7
+1 7
+1 28

fn=(352) _IO_no_init
650 9
+1 1
cfn=(354)
calls=1 -18 
* 25
+3 1
-2 1
+2 1
+2 1
+1 1
+1 1
+1 1
+1 1
+1 1
+1 1
+1 1
+1 1
+1 1
+1 1
+1 1
+2 1
+3 1
+1 6

fn=(548) __overflow
240 806
+2 1209
+2 403
fi=(99)
957 1209
+2 806
+1 806
fe=(87)
244 403
+1 806
-1 403
cfi=(88)
cfn=(550)
calls=403 831 
* 15179

fl=(82) /usr/src/debug/glibc-2.17-c758a686/malloc/arena.c
fn=(336) ptmalloc_init.part.7
383 6
+11 1
-8 1
+8 1
+7 3
+2 5
+16 2
-71 92
+16 46
-18 141
464 2
+5 2
+1 2
+2 1
+1 7
-78 5
cfi=(83)
cfn=(338)
calls=1 126 
* 56499
* 2
+1 4
-47 12
+1 6

fl=(74)
fn=(306)
33 1
+2 1
cfi=(75)
cfn=(308)
calls=1 -9 
* 28

fl=(89)
fn=(362)
81 2
cfn=(364) __open_nocancel
calls=1 * 
* 5

fn=(426) __read_nocancel
81 35

fn=(560)
81 32
cfn=(562) __write_nocancel
calls=16 * 
* 80

fn=(364)
81 5

fn=(424)
81 14
cfn=(426)
calls=7 * 
* 35

fn=(562)
81 80

fl=(62) /usr/src/debug/glibc-2.17-c758a686/csu/../csu/init-first.c
fn=(238) _init
52 8
+6 6
+17 1
fi=(63) /usr/src/debug/glibc-2.17-c758a686/csu/../sysdeps/unix/sysv/linux/x86_64/init-first.c
-35 2
fe=(62)
+33 1
+1 1
fi=(63)
-34 1
-2 2
fe=(62)
+37 1
fi=(63)
-37 3
+2 1
cfi=(46)
cfn=(176)
calls=1 -13 
* 7
+1 2
+5 2
-3 2
+1 1
+2 1
cfi=(46)
cfn=(176)
calls=1 -19 
* 7
fe=(62)
+43 1
fi=(63)
-39 1
fe=(62)
+39 2
fi=(63)
-39 2
+1 2
+1 1
fe=(62)
+37 1
cfi=(64)
cfn=(242)
calls=1 -59 
* 58
+8 1
cfi=(66)
cfn=(246)
calls=1 -65 
* 16
+5 6
-35 1
-9 1
+9 4
fi=(63)
-25 2
fe=(62)

fl=(95) /usr/src/debug/glibc-2.17-c758a686/libio/getc.c
fn=(398) getc
36 45685
+3 45685
-3 45685
+3 685275
+1 274089
fi=(99)
885 91370
+1 365480
fe=(95)
43 137055
-3 14
cfi=(87)
cfn=(400)
calls=7 364 
* 1222
* 14

fl=(103) /usr/src/debug////////glibc-2.17-c758a686/string/../sysdeps/x86_64/multiarch/memcpy.S
fn=(500) memcpy@@GLIBC_2.14
32 1
+2 1
+1 1
+6 1
+1 1
+1 1
+1 1
+1 1
+1 1
+1 1
+1 1

fl=(47) /usr/src/debug////////glibc-2.17-c758a686/string/../sysdeps/x86_64/multiarch/strnlen.S
fn=(178) strnlen
30 1
+1 1
+1 1
+1 1
+2 1

fl=(50) ???
fn=(186) memcpy@GLIBC_2.2.5
0 15

fl=(65)
fn=(244)
25 1
+1 1
+1 1
+1 1
+1 1
+1 1
+1 1
+1 1
+1 1
+1 1
+1 1
+1 1
+1 1
+1 1
+1 1
+1 1
+1 1
+1 1
+1 1
+1 1
+1 1
+1 1
+1 1
+13 1
+1 1
+1 1
+1 1
+7 1
+1 1
+1 1
+1 1
+1 1
+1 1
+1 1

fl=(81) /usr/src/debug/glibc-2.17-c758a686/malloc/hooks.c
fn=(334) malloc_hook_ini
30 2
fi=(82)
385 3
fe=(81)
29 3
cfi=(82)
cfn=(336)
calls=1 383 
* 56840
* 1
+4 1
-1 1
cfi=(80)
cfn=(333) malloc'2
calls=1 2888 
* 1220

fn=(452) realloc_hook_ini
37 9
+1 1
fi=(82)
385 1
fe=(81)
39 1
-1 1
fi=(82)
385 2
fe=(81)
39 1
fi=(82)
385 1
fi=(80)
2966 2
+4 2
+4 2
+5 1
-2 1
+2 1
+2 1
-2 1
+2 2
+3 3
+6 4
+1 2
+7 8
+2 2
fe=(81)
42 9
fi=(80)
2982 1
+44 6
+4 6
cfn=(456) _int_realloc
calls=1 4217 
* 58
* 1
+2 4
+4 4
-66 2
fe=(81)

fl=(85) /usr/src/debug/glibc-2.17-c758a686/misc/sbrk.c
fn=(348) sbrk
34 992
+8 992
-8 2976
+8 5949
+4 1984
+4 3942
+3 987
cfi=(86)
cfn=(350)
calls=987 -22 
* 15600
* 1974
+4 345
-14 1984
cfi=(86)
cfn=(350)
calls=992 -12 
* 12896
* 3968
+1 923
+13 4615
-5 4
+1 8

fl=(109) /usr/src/debug////////glibc-2.17-c758a686/misc/../sysdeps/unix/syscall-template.S
fn=(564) mremap
81 10
+1 2

fl=(98) /usr/src/debug/glibc-2.17-c758a686/misc/../sysdeps/unix/sysv/linux/wordsize-64/mmap.c
fn=(414) mmap
32 931
+1 931
-1 8379
+1 2793
+1 9310
+2 6517
-3 1862

fl=(105) /usr/src/debug////////glibc-2.17-c758a686/string/../sysdeps/x86_64/memcpy.S
fn=(508) __GI_memcpy
61 107
+2 107
+2 107
+3 102
+1 102
+11 102
+1 102
+11 102
+1 102
+11 102
+1 102
+2 102
+1 102
+2 102
+1 102
+5 102
+1 102
+23 102
+8 107
+6 107
+2 107
+1 107
+26 107
+1 107
+3 95
+1 95
+1 95
+5 198
+2 198
+1 198
+1 198
+1 198
+2 198
+1 198
+1 198
+1 198
+2 198
+1 198
+2 198
+2 198
+2 198
+1 198
+1 198
+1 198
+2 198
+1 198
+1 198
+1 198
+2 198
+1 198
+2 388
+5 95
+6 95
+1 95
+19 12
+1 12
+1 12
+5 12
+1 12
+4 12
+1 12
+2 16529
+1 12
+6 12
+1 12
+1 12
+3 5
+6 5
+1 5
+2 5
+13 7
+1 7
+1 7
+3 7
+1 7
+1 7
+1 7
+2 6
+2 6
+2 6
+2 6
+3 6
+1 6
+69 3584
+2 3584
+1 3584
+1 3584
+1 3584
+1 3584
+1 3584
+1 3584
+1 3584
+2 3584
+1 3584
+2 3584
+1 3584
+1 3584
+1 3584
+1 3584
+1 3584
+1 3584
+1 3584
+2 3584
+1 3584
+2 3584
+2 3584
+2 3584
+1 3584
+1 3584
+1 3584
+1 3584
+1 3584
+1 3584
+1 3584
+2 3584
+1 3584
+2 3584
+1 3584
+1 3584
+1 3584
+1 3584
+1 3584
+1 3584
+1 3584
+2 3584
+1 3584
+2 3584
+3 6
+2 6
+2 6
+2 6
+6 6
+1 6
+1 6
-2 1
+1 1
+1 1
+2 7
+6 7
+1 7

fl=(80)
fn=(506) systrim.isra.2
2752 64
+10 16
-1 8
+1 8
+3 32
+2 16
+6 10
cfi=(84) /usr/src/debug/glibc-2.17-c758a686/malloc/morecore.c
cfn=(346) __default_morecore
calls=2 47 
* 90
* 2
+1 8
+34 6
+1 64
-23 6
cfi=(84)
cfn=(346)
calls=2 47 
* 136
+2 4
+1 4
+2 4
cfi=(84)
cfn=(346)
calls=2 47 
* 90
+2 2
+2 4
+3 4
+3 4
-1 2
+1 4
+2 4

fn=(456)
4217 6236298
+21 2771688
+1 2078766
+15 1385844
+1 2078766
+1 1385844
+1 1385844
+6 1385844
+8 1385844
+12 72
-1 144
+2 59
-1 118
+4 1000
+64 118
+2 118
-2 10
+2 10
+6 128
-1 64
+1 128
+1 128
+4 64
-4 128
+4 64
-4 64
+3 64
+1 128
cfn=(504) _int_free
calls=64 3821 
* 5963
+4 64
+1 6236298
-96 692850
-1 692850
-1 1385700
+21 336
cfn=(340) _int_malloc
calls=112 3351 
* 57588
+1 112
-1 112
+1 112
+4 112
-1 112
+6 224
+11 107
+1 107
+2 214
+3 214
3834 321
+6 428
+1 214
+13 535
+13 214
+75 214
+19 107
-4 107
+4 214
+6 214
+8 321
+6 214
+1 214
+1 214
1909 321
3992 214
+7 214
+5 208
+4 104
+9 104
-1 104
+2 208
+7 104
-2 104
+1 104
+1 104
+2 9
+1 9
+2 9
+1 9
+2 27
+1 9
+30 27
-34 95
+1 95
+2 285
+1 95
+30 294
+1 10
+3 15
4320 321
cfi=(105)
cfn=(508)
calls=107 61 
* 182533
* 107
-23 10
+6 10
-29 3463755
+2 692751
-2 692751
+2 692751
-2 1385502
+1 692751
+3 692751
-4 692751
+1 692751
+1 692751
+2 692751
+81 64
+1 128
4070 30
+2 12
cfn=(506)
calls=3 2752 
* 269
* 3
-27 3
+1 9
+1 6
-78 48
-2 32

fn=(554)
2924 1612
+1 1612
+5 1612
-91 806

fn=(450) realloc
2958 6236316
+7 1385848
+1 1385848
+4 1385846
+4 1385846
+5 692923
-2 692923
+2 692923
+2 692923
-2 692923
+2 1385846
+3 2078763
+6 2771692
+1 1385846
+7 5543384
+2 1385846
2848 2
+1 2
-1 2
+12 2
-12 2
+9 10
+3 4
+3 20
cfi=(109)
cfn=(564)
calls=2 81 
* 12
+3 8
+9 2
-2 2
-5 2
+5 4
+2 2
+1 2
-3 2
+4 2
-1 2
+1 2
3006 2
+43 6236307
-67 692925
+44 4157526
+4 4157526
cfn=(456)
calls=692921 4217 
* 40444377
* 692921
+2 2771684
+4 2771684
2878 4
+92 1385846
-3 1
+82 7
-82 1
cfi=(81)
cfn=(452)
calls=1 37 
* 140

fn=(504)
3821 6700
+13 2010
+6 2680
+1 1340
+13 2680
+13 1340
+11 2424
+1 1818
1909 606
3903 606
1909 1212
3905 1818
+1 1212
+1 606
+3 606
-3 606
+9 1818
-5 1818
+14 1212
+2 606
+2 3636
+2 1212
4096 5360
3942 128
3832 64
3943 128
+18 64
-4 64
+4 128
+6 128
+8 192
+6 128
+1 128
+1 128
1909 192
3992 128
+7 128
+5 118
+4 59
+9 59
-1 59
+2 118
+7 59
-2 59
+1 59
+1 59
+2 58
+1 58
+2 58
+1 58
+2 174
+1 58
+30 116
-34 1
+1 1
+2 3
+1 1
+30 12
+1 10
+3 15
+16 128
-14 25
+2 20
cfn=(506)
calls=5 2752 
* 323
* 5
-27 5
+1 15
+1 10
-78 192
-2 128

fn=(332)
2888 20143344
+5 10071672
+1 10071672
+3 35250845
+2 15107505
cfn=(340)
calls=5035835 3351 
* 700346670
+3 5035835
-3 5035835
+3 5035835
+6 10071670
+1 20143340
+5 25179175
-17 30215010
+5 10071670
-7 1
+19 3
-19 1
cfi=(81)
cfn=(334)
calls=1 30 
* 58071

fn=(333)
2888 4
+5 2
+1 2
+3 7
+2 3
cfn=(340)
calls=1 3351 
* 1180
+3 1
-3 1
+3 1
+6 2
+1 4
+5 5
-17 6
+5 2

fn=(342) malloc_consolidate
4113 4848
+22 1212
+1 1815
+12 605
5023 605
4138 605
+11 605
-1 605
5021 605
+2 605
-2 2420
4151 1210
+1 1210
-1 10890
+1 16440
+26 500
+4 500
-3 500
+1 500
+2 500
+5 500
+1 500
+1 500
-2 500
+12 500
-12 500
+3 500
+9 500
-41 500
-3 500
+3 1000
+1 500
+1 1000
+2 1000
+7 1000
+3 1000
+4 1000
+26 24200
+6 4841
-73 3
1829 1
+2 3
-2 128
+2 378
-2 252
+6 3
+5 1
+2 1
-2 1
4208 8
1839 3

fn=(340)
3351 10071781
-30 10071781
+30 10071781
-30 10071781
+30 10071781
-30 10071781
+30 30215343
-30 60430686
+30 20143562
+4 20143562
+14 20143562
+1 15107505
+1 5035835
+1 5035835
-1 10071670
+5 10071670
+3 525
+1 105
-1 105
+1 210
+26 20143352
+1 20143320
+1 20143320
+2 30214980
+1 554
+3 276
+1 552
+5 276
+1 276
+1 276
+2 828
1902 1617
3753 1617
1902 3234
3755 1617
+58 80574248
3446 124
+1 32
3798 10071400
5023 20142800
3798 30214200
+2 251785000
5021 10071400
+2 10071400
-2 30214200
3467 20144010
+67 4338
+1 8676
+1 2892
+45 1446
+7 1446
-6 1446
+1 1446
+1 1446
+1 1446
+3 1446
-52 66
+45 66
+7 66
-6 66
+1 66
+1 66
+1 66
+3 66
3467 30220551
+2 3644
-1 3644
+1 7288
+1 7288
+7 3644
+10 14574
+34 1537
-5 1537
+1 1537
+4 1537
+12 3024
+6 304
+1 5
+1 5
+3 10
-5 300
+1 8
+1 8
+3 16
-5 265
+1 53
+1 53
+3 106
+34 264
-39 314
-50 3643
-1 7286
+2 2982
-1 5964
+4 2107
+1 4214
+4 4214
-3 4214
+1 4214
+1 4214
+1 2107
+2 1989
+1 1989
+3 13923
+2 3978
-2 1989
+2 1989
+4 1989
1902 1989
3507 1989
1902 3978
3504 826
+2 236
-2 118
+2 118
+4 118
1902 118
3507 118
1902 20140514
3539 133
+58 20139746
+70 10069873
+1 10069873
+1 10069873
-1 10069873
+1 10069873
+1 20139746
+1 20139746
+5 40284408
+2 30206145
+2 40274780
-2 30206076
+2 40274748
-2 20137356
+2 30206025
+95 10068637
+3 10068637
-2 20137274
+2 20137274
+16 3192
+1 1210
cfn=(342)
calls=605 4113 
* 87310
+2 605
+1 605
-1 605
3688 4742
+1 4742
-2 14414
+7 2465
+3 4930
+1 1229
+1 1229
+1 1229
-2 4916
+59 1229
3523 25
-1 50
+1 50
1902 25
3526 25
1902 50
3528 50
3382 525
3598 32
+3 48
3446 90
3680 48
+2 12
+1 24
-1 66
+1 132
3446 6
3704 3708
+8 1236
-3 2472
+3 15030
+3 2472
+2 303
-1 303
+1 909
-37 198
+48 933
-5 933
+6 1866
+11 933
-6 933
+1 933
+1 933
+1 933
+3 933
+1 933
+1 1866
+2 65
+1 65
+2 455
+2 130
-2 65
+2 65
+1 130
-3 6076
+2 1736
-2 868
+2 868
+1 1736
3412 4
cfn=(342)
calls=1 4113 
* 793
* 3
+34 28
3807 3964
cfn=(344) sysmalloc
calls=991 2280 
* 289298
+1 991
-1 991
+1 991
1902 3964
3782 10067041
-3 10067041
+1 20134082
+2 10067041
-1 10067041
+1 20134082
+2 10067041
-2 30201123
+5 10067041
-5 10067041
+2 10067041
1902 30201123
3712 792

fn=(384) calloc
3183 5035833
+13 15107499
-13 5035833
+10 10071666
+3 5035833
-13 15107499
+13 5035833
+8 10071666
+1 10071666
+10 60429996
+7 5035833
+8 5035833
-7 10071666
+7 10071666
+15 15107499
cfn=(340)
calls=5035833 3351 
* 745357113
+6 5035833
-6 5035833
+6 5035833
+7 20143332
+3 10071666
+6 15107499
+46 30214998
-36 5035833
-3 5035833
+3 10071666
-13 5035833
+13 10071666
+10 5035833
+1 10071666
+3 10071666
+7 5035833
-3 5035833
+1 5035833
+1 10071666
+1 5035833
+3 303
-2 303
+1 303
+1 303
-24 15099468

fn=(344)
2280 8919
+21 991
+11 991
-11 1982
+11 991
+1 2967
+79 985
+20 985
-19 1970
+19 1970
2718 1970
+6 985
+3 985
-3 985
+3 1970
+1 985
+3 2955
-2 985
+2 1970
+1 985
-1 985
-1 985
+1 985
+1 985
+2 985
+6 7880
-6 6
+6 48
-21 1970
2314 18
+14 24
+6 12
2463 1970
+19 1970
-19 4925
+19 1970
+8 985
-8 985
+8 985
+21 1846
+4 1846
+4 1846
+2 8307
cfi=(98)
cfn=(414)
calls=923 32 
* 30459
+2 923
-2 923
+2 923
+12 923
+5 7384
2336 48
cfi=(98)
cfn=(414)
calls=6 32 
* 198
+2 18
+34 6
-5 18
+5 24
+3 6
+1 6
-1 6
+1 6
+1 12
2491 5910
cfi=(84)
cfn=(346)
calls=985 47 
* 67714
+1 985
-1 985
+1 985
+3 3940
+2 124
+1 124
+18 124
+25 1970
+2 1970
2394 985
2549 985
-6 985
+6 2947
+1 305
+2 1852
+42 3
+19 1
+3 2
+1 4
+3 1
-3 1
+3 2
cfi=(84)
cfn=(346)
calls=1 47 
* 45
+12 3
+5 2
+1 4
+35 1
+1 1
-2 1
+1 2
+12 1
-12 1
+1 2
+11 1
-12 923
+1 923
-2 923
+1 1846
+12 923
-12 923
+1 1846
+11 923
+6 1846
+1 1846
+15 923
-15 923
+8 923
+3 923
+4 3692
2373 935
2581 923
+84 1846
2512 4
+30 928
-26 1846
+36 2
2708 2424
cfn=(504)
calls=606 3821 
* 41814
* 606
2499 2769

fl=(90)
fn=(366)
53 8
+10 3
+2 2
+1 1
+23 8
-26 1
-5 2

fl=(73)
fn=(288)
56 6
-22 2
cfn=(290) __new_exitfn
calls=1 +38 
* 39
+2 2
+4 1
+3 1
+1 1
-4 2
+2 1
+4 1
+1 1
+11 4

fn=(290)
72 1
+6 2
-6 3
+6 4
+2 4
-7 2
+9 3
-2 1
+10 1
-10 2
+45 1
+1 1
+3 4
+3 5
-35 2
+14 1
+1 2

fl=(46)
fn=(176)
27 4
-1 4
+1 4
+4 8
-3 8

fl=(107)
fn=(542)
222 4433
+35 1209
1271 1210
+4 2015
+11 806
+11 403
fi=(110) /usr/src/debug/glibc-2.17-c758a686/stdio-common/printf-parse.h
109 806
fe=(107)
1297 2015
fi=(110)
109 403
cfi=(108)
cfn=(544)
calls=403 -83 
* 9269
fe=(107)
1312 403
fi=(110)
109 403
fe=(107)
1308 403
+4 806
+4 403
fi=(111) /usr/src/debug/glibc-2.17-c758a686/stdio-common/../libio/libioP.h
957 403
+2 403
-2 1209
+2 806
+1 806
fe=(107)
1316 2418
cfi=(88)
cfn=(546)
calls=403 +13 
* 7657
* 1209
2058 806
cob=(2)
cfi=(16)
cfn=(552)
calls=403 0 
* 3224
+1 806
cob=(2)
cfi=(16)
cfn=(552)
calls=403 0 
* 3224
+2 2015
+3 403
+1 3224
1271 804
+41 2821
+1 6045
2061 2015
+1 1209
1316 806
+4 403
-4 403
+4 806
+4 2821
270 403
-6 403
-3 403
1301 403
-8 403
227 403
1372 3224
-3 403
-1 403
-17 403
+1 403
+1 403
+1 403
+1 403
+1 403
+1 403
+1 403
+1 403
+1 403
+1 403
+3 403
+1 403
1554 806
-21 1209
1372 3627
2056 806
1654 806
+8 403
fi=(110)
109 1209
fe=(107)
1662 403
fi=(110)
109 403
fe=(107)
1662 403
fi=(110)
109 403
cfi=(108)
cfn=(544)
calls=403 -83 
* 9269
fe=(107)
1666 403
fi=(111)
959 403
fe=(107)
1662 403
fi=(111)
960 403
-1 806
+1 1209
fe=(107)
1666 2821
cfi=(88)
cfn=(546)
calls=403 1329 
* 7657
* 2015
-10 403
+10 3224
+2 403
-2 403
+2 403
-33 11284
cfi=(87)
cfn=(548)
calls=403 240 
* 22030
* 1209

fl=(49) /usr/src/debug/glibc-2.17-c758a686/time/../sysdeps/unix/sysv/linux/x86_64/gettimeofday.c
fn=(184) gettimeofday
30 1
+1 1
+3 2
-3 4
+3 1
cfi=(46)
cfn=(176)
calls=1 -7 
* 7
+1 3
+1 3

fl=(79) /usr/src/debug/glibc-2.17-c758a686/libio/iofopen.c
fn=(328) __fopen_internal
65 6
+8 1
-8 2
+8 1
cob=(2)
cfi=(16)
cfn=(330)
calls=1 -73 
* 58085
+2 1
-2 1
+2 1
+3 1
+3 5
-3 1
+3 1
cfi=(87)
cfn=(352)
calls=1 650 
* 58
+4 1
+1 1
-1 1
+1 1
cfi=(88)
cfn=(356)
calls=1 +58 
* 95
+4 5
cfi=(88)
cfn=(360)
calls=1 268 
* 127
* 1
+1 1
-1 1
+6 5
-5 1
cfn=(368) __fopen_maybe_mmap
calls=1 -49 
* 4

fn=(326) fopen@@GLIBC_2.2.5
103 2
cfn=(328)
calls=1 -38 
* 58408

fn=(368)
42 1
-2 1
+2 1
+15 1

fl=(96)
fn=(408)
96 10
+15 8
fi=(99)
957 6
+2 4
+1 4
fe=(96)
111 6
cfi=(88)
cfn=(410)
calls=2 1270 
* 28
* 4
+2 8
+11 9
-14 1
+18 6
cfi=(98)
cfn=(414)
calls=1 -96 
* 33
* 6
cfi=(98)
cfn=(414)
calls=1 -96 
* 33
* 4
+1 10
cfi=(87)
cfn=(416)
calls=2 400 
* 42
+1 2
+1 13
-13 1
fi=(112) /usr/src/debug/glibc-2.17-c758a686/libio/../sysdeps/unix/sysv/linux/sys/sysmacros.h
-72 6
fe=(96)
+72 1
-2 2
+5 2

fl=(67)
fn=(248) init_cacheinfo
478 2
+12 1
-12 1
+12 1
-12 1
+12 1
-12 1
+12 1
648 2
+2 1
+1 1
+2 1
-3 1
+5 1
-5 1
+4 3
+4 2
+2 1
+1 1
+2 1
+4 1
-7 1
+5 1
-5 1
+4 1
+3 2
-3 1
+3 1
-3 1
+3 2
492 2
cfn=(250) handle_intel.isra.0
calls=1 262 
* 843
+4 1
-4 1
+4 1
cfn=(250)
calls=1 262 
* 884
+2 1
-2 1
-1 1
+3 1
+9 3
+2 1
+1 1
+2 1
+5 2
+9 16
-9 12
+6 3
-6 3
+6 3
-6 3
+6 1
-6 1
+6 1
+69 4
+1 6
-65 1
+32 1
-26 5
+7 2
+4 4
+2 4
-6 4
+4 1
-2 1
+2 1
-4 3
+4 1
-2 1
+2 1
+15 1
+1 4
-9 1
+2 2
+1 1
-1 2
+1 1
+1 1

fn=(250)
262 4
+12 2
-12 12
+9 2
+1 4
-3 6
+23 10
cfn=(252) intel_check_word
calls=2 132 
* 1444
+1 4
+3 10
cfn=(252)
calls=2 132 
* 189
+1 4
-17 4
+5 2
-5 4
+5 2
+2 2
+1 2
-1 4
+27 16

fn=(252)
132 32
+1 12
+6 32
+2 4
-2 4
+2 4
+88 8
-76 20
+53 16
+23 40
-1 8
+1 8
cfi=(68)
cfn=(254)
calls=8 26 
* 1226
+2 16
+22 8
141 16
+2 10
+2 20
-10 2
258 32
-93 10
+5 10
-5 14
+9 2
+2 4
+8 2
+4 2
-2 4
+13 3
-34 15
+5 6
+4 8
+7 9
+9 2
-2 2
+3 2
-1 2
-2 2
+1 2
+1 2
-1 6
+1 2
-2 4

fn=(256)
121 162
+3 162

fl=(84)
fn=(346)
47 992
+1 992
cfi=(85)
cfn=(348)
calls=992 -14 
* 60139
+2 2976
+2 2976

ob=(6)
fl=(92) /usr/sup/src/cii40/src/seq.c
fn=(530) Seq_remlo
78 25019900
+1 5003980
-1 10007960
+4 10007960
-4 10007960
+5 15011940
+1 45035820
-1 25019900
+2 55043780
+1 25019900
+1 5003980
+1 20015920

fn=(486) Seq_put
60 701059073
+3 254930572
-3 63732643
+4 191197929
+1 573593787
-1 318663215
+2 191197929
+1 573593787
-1 191197929
+1 127465286
+1 63732643
+1 254930572

fn=(458) Seq_addlo
98 182384220
+1 30397370
-1 60794740
+3 182384220
+1 2078676
cfn=(440) expand
calls=692892 -86 
* 147926959
+1 273576330
+1 28643270
+1 28643270
+1 17185962
+1 51557886
-1 17185962
+1 11457308
-1 5728654
+2 22914616
-3 123343580
+1 74006148
+1 222018444
-1 74006148
+1 49337432
-1 24668716
+2 98674864

fn=(464) Seq_get
54 11370171550
+2 4548068620
-2 1137017155
+3 3411051465
+1 10233154395
-1 4548068620
+2 4548068620

fn=(438) Seq_addhi
89 40653656
+3 30490242
+1 96
cfn=(440)
calls=32 -77 
* 75002
+1 30490242
+1 15245121
+1 45735363
-1 15245121
+1 10163414
-1 5081707
+2 20326828

fn=(440)
16 2771696
+1 2078772
+1 4157544
cfi=(94) /usr/sup/src/cii40/src/uarray.c
cfn=(442) UArray_resize
calls=692924 +29 
* 134683335
+1 2771696
+2 810
+1 1440
cob=(3)
cfi=(104)
cfn=(502)
calls=89 +37 
* 148939
cob=(1)
cfi=(70) /usr/src/debug////////glibc-2.17-c758a686/elf/../sysdeps/x86_64/dl-trampoline.h
cfn=(281) _dl_runtime_resolve_xsave'2
calls=1 +49 
* 1247
* 94
+1 540
+2 1385848

fn=(476) Seq_length
50 1878178158
+2 626059386
+1 626059386

fn=(376) Seq_new
26 35250831
+3 25179165
cfi=(93) /usr/sup/src/cii40/src/mem.c
cfn=(378) Mem_calloc
calls=5035833 -7 
* 1243899129
* 5035833
+1 10071666
+1 5035832
+2 15107496
-1 20143328
cfi=(93)
cfn=(386) Mem_alloc
calls=5035832 -24 
* 992424395
+1 3
-1 4
cfi=(93)
cfn=(386)
calls=1 -24 
* 293
* 40286664
cfi=(94)
cfn=(388) UArrayRep_init
calls=5035833 -14 
* 146039157
+2 5035833
+1 20143332

fl=(69)
fn=(272) 0x0000000000400ab0
0 11
cob=(1)
cfi=(70)
cfn=(280) _dl_runtime_resolve_xsave
calls=1 71 
0 176240865669
0 5

fn=(292)
0 16
cob=(2)
cfi=(16)
cfn=(294)
calls=1 0 
0 6
0 7
cfn=(298) 0x0000000000400b90
calls=1 0 
0 17
0 11

fn=(298)
0 17

fn=(314) stat
0 4
cob=(1)
cfi=(70)
cfn=(281)
calls=1 71 
0 1298
0 5

fl=(77)
fn=(312)
16 5
+2 2
+6 7
cfi=(69)
cfn=(314)
calls=1 -24 
* 1307
* 2
+4 4
+5 6
cob=(1)
cfi=(70)
cfn=(281)
calls=1 +38 
* 59641
* 5
* 1
+1 2
cfi=(91) /h/vhugec01/Desktop/comp40/hw6/um/UM_segData.c
cfn=(370) make_UM_data
calls=1 +5 
* 4134
* 1
+1 5
cfi=(91)
cfn=(392) initialize_UM_data
calls=1 +30 
* 10376687
+2 1
+7 3
cfi=(91)
cfn=(460) UM_data_get_pCounter
calls=1 +59 
* 7
* 949751631
cfi=(91)
cfn=(460)
calls=316583877 +59 
* 2216087139
* 1582919390
cfi=(91)
cfn=(462) UM_data_get_instruction
calls=316583878 +75 
* 29125716776
* 316583878
+2 1582919390
cfi=(101) /h/vhugec01/Desktop/comp40/hw6/um/UM_ALU.c
cfn=(466) UM_ALU_Execute
calls=316583878 +6 
* 139506692276
* 316583877
+2 633167754

fl=(91)
fn=(514) UM_data_get_segments_length
113 127396
+1 127396
cfi=(92)
cfn=(476)
calls=31849 -64 
* 318490
+1 63698

fn=(512) UM_data_seg_addhi
177 159245
+1 191094
cfi=(92)
cfn=(438)
calls=31849 -89 
* 1373939
+1 95547

fn=(392)
65 5
+1 1
+1 1
+1 2
cfi=(92)
cfn=(376)
calls=1 -42 
* 509
* 1
+2 1
+1 548208
cfi=(100) /h/vhugec01/Desktop/comp40/hw6/um/bitpack.c
cfn=(430) Bitpack_newu
calls=45684 +26 
* 7058178
* 45684
+2 91368
+1 68526
cfi=(92)
cfn=(438)
calls=11421 +15 
* 483032
+1 11421
+1 22842
+2 34263
-8 102789
cob=(3)
cfi=(95)
cfn=(398)
calls=34263 -34 
* 1267731
* 34263
* 34266
cob=(3)
cfi=(95)
cfn=(398)
calls=11421 -34 
* 423502
cob=(1)
cfi=(70)
cfn=(281)
calls=1 +1 
* 1546
* 11426
* 137055
+12 6
cfi=(92)
cfn=(458)
calls=1 +16 
* 56
+1 2
+1 3

fn=(480) UM_data_duplicate_and_set_seg
183 81755058
+1 27251686
+1 5
cfn=(524) UM_data_get_seg_instruction_count
calls=1 -58 
* 62
* 1
+2 3
cfi=(92)
cfn=(376)
calls=1 26 
* 604
* 1
+2 2
+2 188538
cfn=(462)
calls=31423 -72 
* 2890916
-1 188538
cfi=(92)
cfn=(438)
calls=31423 89 
* 1319766
-1 125695
+4 6
cfi=(92)
cfn=(486)
calls=1 60 
* 55
+2 40877529
+1 40877529

fn=(474) UM_data_increment_pCounter
147 1514790170
+1 1514790170
cfi=(92)
cfn=(464)
calls=302958034 -94 
* 10603531190
* 302958034
+1 302958034
+2 1211832136
+3 1514790170
cfi=(92)
cfn=(476)
calls=302958034 50 
* 3029580340
* 605916068
+4 1514790170
+3 302958034
+2 1211832136

fn=(510) UM_data_get_next_unmapped_loc
134 20143316
+1 20143316
cfi=(92)
cfn=(476)
calls=5035829 -85 
* 50358290
* 10071658
+1 20015920
cfi=(92)
cfn=(530)
calls=5003980 -58 
* 250199000
* 5003980
+1 10007960
+2 31849
+1 10071658

fn=(524)
127 5
+1 6
cfi=(92)
cfn=(464)
calls=1 -74 
* 35
* 1
+2 3
cfi=(92)
cfn=(476)
calls=1 -80 
* 10
+1 2

fn=(532) UM_data_seg_put
167 30023880
+1 20015920
cfi=(92)
cfn=(476)
calls=5003980 50 
* 50039800
* 10007960
+1 35027860
cfi=(92)
cfn=(486)
calls=5003980 60 
* 275218900
+5 20015920

fn=(472) UM_data_get_regs
108 949751631
+1 633167754
+1 633167754

fn=(370)
39 3
+1 2
cob=(1)
cfi=(70)
cfn=(281)
calls=1 +31 
* 1452
* 5
* 1
+1 2
cfi=(92)
cfn=(376)
calls=1 -15 
* 1877
* 3
+1 2
cfi=(92)
cfn=(376)
calls=1 -16 
* 509
* 3
+1 2
cfn=(390) make_registerArray
calls=1 -15 
* 265
* 3
+1 2
+2 1
+1 2

fn=(460)
103 949751634
+1 633167756
+1 633167756

fn=(462)
119 2325991374
+1 2325991374
cfi=(92)
cfn=(464)
calls=387665229 -66 
* 13568283015
* 387665229
+1 1938326145
cfi=(92)
cfn=(464)
calls=387665229 -67 
* 13568283015
* 387665229
+2 387665229
+1 775330458

fn=(484) UM_data_set_instruction
200 411100634
+1 352371972
cfi=(92)
cfn=(464)
calls=58728662 54 
* 2055503170
* 58728662
+1 411100634
cfi=(92)
cfn=(486)
calls=58728662 60 
* 3230076410
+1 176185986

fn=(528) UM_data_add_unmapped_loc
206 25035070
+1 35049098
cfi=(92)
cfn=(438)
calls=5007014 89 
* 210330055
+1 15021042

fn=(390)
28 3
+1 2
cob=(3)
cfi=(80)
cfn=(332)
calls=1 2888 
* 188
* 1
* 1
+2 2
+1 42
-1 23
+4 1
+1 2

fl=(94)
fn=(388)
18 55394163
+2 10071666
-2 10071666
+4 15107499
+1 15107499
+1 10071666
+1 20143332
+3 10071666

fn=(442)
47 6929240
+3 1385848
+2 2771696
+3 7622164
cfi=(93)
cfn=(444) Mem_resize
calls=692924 -14 
* 109045147
* 2078772
+1 2078772
+1 2771696

fl=(100)
fn=(434) shr
31 5726469445
+1 2290587778
+1 2290587778
+1 22842
+2 5726412340
+1 2290587778

fn=(432) Bitpack_fitsu
65 228420
+1 91368
+4 228420
cfn=(434)
calls=45684 -39 
* 730944
* 91368
+1 91368

fn=(436) shl
19 5726241025
+1 2290496410
+1 2290496410
+1 22842
+2 5726183920
+1 2290496410

fn=(430)
97 411156
+1 182736
+1 91368
+1 228420
cfn=(432)
calls=45684 -35 
* 1461888
* 137052
+2 228420
cfn=(434)
calls=45684 -71 
* 730944
* 228420
cfn=(436)
calls=45684 -83 
* 730944
* 45684
+1 456840
cfn=(436)
calls=45684 -84 
* 696681
* 137052
cfn=(434)
calls=45684 -72 
* 696681
* 91368
+1 228420
-2 45684
+3 228420

fn=(468) Bitpack_getu
86 8016097859
+1 4580627348
+1 2290313674
+2 11451568370
cfn=(436)
calls=1145156837 -71 
* 18322509392
* 3435470511
cfn=(434)
calls=1145156837 -59 
* 18322509392
+2 4580627344

fl=(101)
fn=(488) UM_ALU_add
155 92930089
+2 39827181
cfi=(91)
cfn=(472)
calls=13275727 -49 
* 92930089
* 13275727
+1 212411632
+1 39827181

fn=(522) UM_ALU_divide
170 7887712
+1 3380448
cfi=(91)
cfn=(472)
calls=1126816 -63 
* 7887712
* 1126816
+1 19155872
+1 3380448

fn=(470) UM_ALU_loadV
243 727072038
+1 363536019
cfi=(91)
cfn=(472)
calls=121178673 108 
* 848250711
* 121178673
+1 727072038
+1 363536019

fn=(520) UM_ALU_multiply
163 3875641
+1 1660989
cfi=(91)
cfn=(472)
calls=553663 -56 
* 3875641
* 553663
+1 8858608
+1 1660989

fn=(482) UM_ALU_SStore
148 411100634
+1 176185986
cfi=(91)
cfn=(472)
calls=58728662 -41 
* 411100634
* 58728662
+1 1057115916
cfi=(91)
cfn=(484)
calls=58728662 +50 
* 6695067468
+1 176185986

fn=(492) UM_ALU_mapSeg
184 35250803
+1 15107487
cfi=(91)
cfn=(472)
calls=5035829 -77 
* 35250803
* 5035829
+1 10071658
cfi=(92)
cfn=(376)
calls=5035829 26 
* 2563649462
* 5035829
+2 10071658
+1 121589476
cfi=(92)
cfn=(458)
calls=30397369 -91 
* 1728914719
-1 278429755
+4 15107487
cfi=(91)
cfn=(510)
calls=5035829 -58 
* 396046947
* 5035829
+1 5035829
+4 25115447
+1 30023880
cfi=(91)
cfn=(532)
calls=5003980 -31 
* 440350240
+1 35027860
+2 159245
cfi=(91)
cfn=(512)
calls=31849 -24 
* 1819825
+1 222943
cfi=(91)
cfn=(514)
calls=31849 -89 
* 636980
* 63698
+2 25179145

fn=(534) UM_ALU_output
214 2015
+1 1209
cfi=(91)
cfn=(472)
calls=403 108 
* 2821
* 403
+1 2821
+2 4030
cob=(3)
cfi=(106)
cfn=(540)
calls=402 27 
* 164908
cob=(1)
cfi=(70)
cfn=(281)
calls=1 71 
* 1848
* 407
+1 1209

fn=(518) UM_ALU_nand
177 117843740
+1 50504460
cfi=(91)
cfn=(472)
calls=16834820 -70 
* 117843740
* 16834820
+1 286191940
+1 50504460

fn=(490) UM_ALU_SLoad
141 568399424
+1 213149784
cfi=(91)
cfn=(472)
calls=71049928 -34 
* 497349496
* 71049928
+1 1278898704
cfi=(91)
cfn=(462)
calls=71049928 -24 
* 6536593376
* 71049928
+1 355249640

fn=(516) UM_ALU_cMov
132 71165493
+1 30499497
cfi=(91)
cfn=(472)
calls=10166499 -25 
* 71165493
* 10166499
+1 71165493
+1 90328870
+2 30499497

fn=(526) UM_ALU_unMapSeg
208 25035070
+1 15021042
cfi=(91)
cfn=(472)
calls=5007014 108 
* 35049098
* 5007014
+1 45063126
cfi=(91)
cfn=(528)
calls=5007014 -4 
* 285435265
+1 15021042

fn=(478) UM_ALU_loadP
236 81755058
+1 40877529
cfi=(91)
cfn=(472)
calls=13625843 108 
* 95380901
* 13625843
+1 190761802
cfi=(91)
cfn=(480)
calls=13625843 -55 
* 195475994
+1 40877529

fn=(466)
52 1582919390
+3 1582919390
cfi=(100)
cfn=(468)
calls=316583878 +31 
* 19628200436
* 316583878
+1 316583878
+2 633167756
+1 977026025
cfi=(100)
cfn=(468)
calls=195405205 +27 
* 12115122706
* 195405204
+1 977026020
cfi=(100)
cfn=(468)
calls=195405204 +26 
* 12115122648
* 195405204
+1 977026020
cfi=(100)
cfn=(468)
calls=195405204 +25 
* 12115122648
* 195405204
+8 586215612
-6 605893365
cfi=(100)
cfn=(468)
calls=121178673 +23 
* 7513077726
* 121178673
+1 605893365
cfi=(100)
cfn=(468)
calls=121178673 +22 
* 7513077726
* 121178673
+1 727072038
cfn=(470)
calls=121178673 243 
* 3150645498
+1 363536019
cfi=(91)
cfn=(474)
calls=121178673 +81 
* 9451936494
* 121178673
+3 586215612
+3 60998994
cfn=(516)
calls=10166499 +60 
* 374990842
+1 30499497
cfi=(91)
cfn=(474)
calls=10166499 +74 
* 792986922
* 10166499
+1 10166499
+2 426299568
cfn=(490)
calls=71049928 +65 
* 9591740280
+1 213149784
cfi=(91)
cfn=(474)
calls=71049928 +70 
* 5541894384
* 71049928
+1 71049928
+2 352371972
cfn=(482)
calls=58728662 +68 
* 8985485286
+1 176185986
cfi=(91)
cfn=(474)
calls=58728662 +66 
* 4580835636
* 58728662
+1 58728662
+2 79654362
cfn=(488)
calls=13275727 +71 
* 491201899
+1 39827181
cfi=(91)
cfn=(474)
calls=13275727 +62 
* 1035506706
* 13275727
+1 13275727
+2 3321978
cfn=(520)
calls=553663 +75 
* 20485531
+1 1660989
cfi=(91)
cfn=(474)
calls=553663 +58 
* 43185714
* 553663
+1 553663
+2 6760896
cfn=(522)
calls=1126816 +78 
* 42819008
+1 3380448
cfi=(91)
cfn=(474)
calls=1126816 +54 
* 87891648
* 1126816
+1 1126816
+2 101008920
cfn=(518)
calls=16834820 +81 
* 639723160
+1 50504460
cfi=(91)
cfn=(474)
calls=16834820 +50 
* 1313115960
* 16834820
+1 16834820
+4 30214974
cfn=(492)
calls=5035829 +82 
* 5788232834
+1 15107487
cfi=(91)
cfn=(474)
calls=5035829 +44 
* 392794662
* 5035829
+1 5035829
+2 25035070
cfn=(526)
calls=5007014 208 
* 425631657
+1 15021042
cfi=(91)
cfn=(474)
calls=5007014 +40 
* 390547092
* 5007014
+1 5007014
+2 2015
cfn=(534)
calls=403 214 
* 181671
+1 1209
cfi=(91)
cfn=(474)
calls=403 +36 
* 31434
* 403
+1 403
+6 81755058
cfn=(478)
calls=13625843 236 
* 658754656
+1 27251686
+4 181779361
+1 633167754

fl=(93)
fn=(386)
8 40286664
+3 15107499
cob=(3)
cfi=(80)
cfn=(332)
calls=5035833 2888 
* 901779694
* 5035833
* 5035833
+1 10071666
+7 5035833
+1 10071666

fn=(444)
41 7622164
+3 3464620
cob=(3)
cfi=(80)
cfn=(450)
calls=692923 2958 
* 93106571
cob=(1)
cfi=(70)
cfn=(281)
calls=1 +27 
* 1320
* 692928
* 692924
+1 1385848
+7 692924
+1 1385848

fn=(378)
22 55394163
+4 25179165
cob=(3)
cfi=(80)
cfn=(384)
calls=5035832 3183 
* 1128073378
cob=(1)
cfi=(70)
cfn=(281)
calls=1 +45 
* 1588
* 5035837
* 5035833
+1 10071666
+7 5035833
+1 10071666

ob=(1)
fl=(27) /usr/src/debug/glibc-2.17-c758a686/elf/../elf/dl-tls.c
fn=(154) _dl_determine_tlsoffset
144 1
+34 1
-34 1
+34 2
-45 1
+1 1
+2 1
-3 1
+2 1
-2 1
+43 1
-43 2
+50 1
-1 1
+5 2
-4 1
-1 1
+7 1
-7 1
+3 2
+2 1
+2 1
-2 2
+16 5
+2 1
+1 1
-1 2
+4 1
+6 1
-12 1
-25 5
+40 1
+53 4
-1 1
+1 3
-52 1
+52 1

fn=(214) _dl_allocate_tls_init
443 7
+1 1
-1 1
+1 1
+4 1
+6 2
-6 2
+6 2
+12 1
-15 1
-1 2
+21 6
+6 12
+3 1
+1 2
+7 1
+2 1
-2 2
+2 3
+1 1
+3 2
-1 2
+18 1
-2 1
-8 1
+8 2
-8 1
+8 1
cfi=(18) /usr/src/debug////////glibc-2.17-c758a686/string/../sysdeps/x86_64/memcpy.S
cfn=(68) mempcpy
calls=1 61 
* 23
* 4
cfi=(36) /usr/src/debug////////glibc-2.17-c758a686/string/../sysdeps/x86_64/rtld-memset.S
cfn=(116) memset
calls=1 30 
* 150
* 2
-38 3
+52 2
+2 1
+1 8

fn=(78) _dl_count_modids
111 2
+1 2

fn=(140) _dl_next_tls_modid
52 3
+48 2
+4 1

fn=(156) _dl_allocate_tls_storage
349 1
+13 1
-13 2
+2 1
+11 2
cfi=(17) /usr/src/debug/glibc-2.17-c758a686/elf/dl-minimal.c
cfn=(44) __libc_memalign
calls=1 51 
* 78
* 1
+1 1
-1 1
+1 1
+7 1
+4 306
-58 1
+1 1
-1 1
+1 2
cfi=(17)
cfn=(36) calloc
calls=1 102 
* 43
* 1
+1 2
+9 1
-6 1
+6 1
+64 5

fn=(188) _dl_add_to_slotinfo
879 6
+6 1
+3 2
+5 5
+41 1
+1 3
+1 6

fl=(8) /usr/src/debug/glibc-2.17-c758a686/elf/../sysdeps/unix/sysv/linux/x86_64/brk.c
fn=(14) brk
31 1
-3 1
+3 6
+8 1
-6 2
+7 1

fl=(40) /usr/src/debug/glibc-2.17-c758a686/string/strdup.c
fn=(138) strdup
40 8
+1 2
cfi=(10) /usr/src/debug////////glibc-2.17-c758a686/string/../sysdeps/x86_64/rtld-strlen.S
cfn=(20) strlen
calls=2 -13 
* 68
* 2
+1 4
cfi=(17)
cfn=(40) malloc
calls=2 +51 
* 68
* 2
+2 4
+4 2
-1 4
+1 4
-1 4
cfi=(18)
cfn=(46) memcpy
calls=2 +14 
* 54

fl=(36)
fn=(116)
30 8
+1 8
+1 8
+1 2154
+1 8
+1 8

fl=(21) /usr/src/debug/glibc-2.17-c758a686/elf/../sysdeps/unix/sysv/linux/dl-sysdep.c
fn=(60) _dl_discover_osversion
45 7
+2 3
+85 8
-45 3
cfi=(22) /usr/src/debug////////glibc-2.17-c758a686/posix/../sysdeps/unix/syscall-template.S
cfn=(62) uname
calls=1 -6 
* 5
* 1
+15 1
-15 1
+20 1
-1 1
+3 12
+4 3
-2 6
+2 10
+2 1
+1 2
-3 4
+7 3
-1 3
+4 3
-2 3
+2 10
+5 2

fl=(23) /usr/src/debug/glibc-2.17-c758a686/elf/dl-load.c
fn=(100) open_verify
1681 130
+36 13
-36 26
+36 26
+21 52
cfi=(32) /usr/src/debug////////glibc-2.17-c758a686/io/../sysdeps/unix/syscall-template.S
cfn=(102) open
calls=13 81 
* 105
+1 13
-1 13
+1 13
+10 3
+1 6
+5 18
cfi=(32)
cfn=(104) read
calls=3 81 
* 15
+2 6
+2 3
+2 3
-2 3
+2 3
-2 3
+8 6
+16 15
cfi=(14) /usr/src/debug/glibc-2.17-c758a686/string/../string/memcmp.c
cfn=(30) bcmp
calls=3 319 
* 258
* 6
+2 3
-2 6
+4 12
cfi=(14)
cfn=(30)
calls=3 319 
* 240
-4 6
+60 6
+5 6
+3 12
+5 6
+7 3
+1 3
-1 12
+1 9
+1 3
+15 127
+1 42
+4 8
+1 4
+13 2
+1 2
+2 2
-3 2
+1 2
-1 2
+1 2
-2 2
+4 4
+5 2
+1 2
-13 8
cfi=(14)
cfn=(30)
calls=2 319 
* 146
* 8
cfi=(14)
cfn=(30)
calls=2 319 
* 160
* 8
+16 4
+6 2
-3 2
+1 2
+1 2
+1 4
+1 8
-4 2
+1 2
+1 2
-1 6
-1 2
+4 4
+5 10
+8 96
1814 1
1931 8
1783 8
cfi=(14)
cfn=(30)
calls=2 319 
* 176
* 4

fn=(72) fillin_rpath
489 7
+2 1
-2 9
+4 3
cfi=(17)
cfn=(74) strsep
calls=1 340 
* 243
* 6
cfi=(17)
cfn=(74)
calls=2 340 
* 207
* 9
+3 4
cfi=(10)
cfn=(20)
calls=2 28 
* 89
+4 2
-4 2
+4 2
+7 12
+12 25
+1 10
+18 4
+4 6
+1 6
-1 2
+1 2
-2 2
cfi=(17)
cfn=(40)
calls=2 93 
* 68
* 2
+3 2
-3 2
+3 6
+5 2
+1 6
-2 2
+2 2
cfi=(18)
cfn=(68)
calls=2 61 
* 58
+3 2
-3 2
+3 2
-2 2
+2 2
+1 1
+5 4
+1 2
-1 4
+1 26
+1 20
+3 2
-1 4
+1 2
+7 2
+1 2
+3 6
-68 4
+5 4
+3 6
+23 4
+42 1
+3 9
-14 4

fn=(94) _dl_map_object
2094 6
+12 12
-12 6
+12 6
-12 54
+12 6
-12 12
+12 12
+12 30
-12 45
+5 54
+1 36
+2 54
cfi=(31) /usr/src/debug/glibc-2.17-c758a686/elf/dl-misc.c
cfn=(96) _dl_name_match_p
calls=18 304 
* 1245
* 39
2399 48
2141 6
+11 12
-56 6
+92 6
-2 3
+2 3
cfi=(25) /usr/src/debug////////glibc-2.17-c758a686/string/../sysdeps/x86_64/rtld-strchr.S
cfn=(70) index
calls=3 40 
* 175
* 6
2330 6
cfn=(98) expand_dynamic_string_token
calls=1 419 
* 390
+1 1
-3 1
+4 1
-1 2
+4 6
cfn=(100)
calls=1 1681 
* 328
+3 1
-3 1
+3 1
+12 9
+2 6
+44 3
+1 21
-1 3
+1 15
cfn=(106) _dl_map_object_from_fd
calls=3 916 
* 6576
* 3
2192 4
cfi=(10)
cfn=(20)
calls=2 28 
* 121
* 2
+2 2
-2 2
+2 2
+7 8
+35 4
+1 30
cfn=(128) open_path
calls=2 1945 
* 1872
* 6
+6 12
687 2
2244 2
687 4
2322 4
-97 10
+21 4
+6 8
+2 6
+4 4
cfi=(39) /usr/src/debug/glibc-2.17-c758a686/elf/dl-cache.c
cfn=(132) _dl_load_cache_lookup
calls=2 185 
* 3222
+2 2
-2 2
+2 2
+5 6
+8 4
+28 20
cfn=(100)
calls=2 1681 
* 1218
+3 2
-3 2
+3 4
+1 4
-79 14
687 2
2227 2
687 4
2205 2
+8 10
-7 4
-1 2
+8 16
-3 6
687 2
2211 2
687 4
2119 45
+3 6
+2 6
-1 12
+1 6
cfi=(19) /usr/src/debug////////glibc-2.17-c758a686/string/../sysdeps/x86_64/strcmp.S
cfn=(54) strcmp
calls=6 134 
* 105
* 12

fn=(64) _dl_init_paths
710 1
+15 2
-15 8
+15 3
cfi=(24) /usr/src/debug/glibc-2.17-c758a686/elf/dl-hwcaps.c
cfn=(66) _dl_important_hwcaps
calls=1 39 
* 346
+5 1
-5 1
+5 1
cfi=(17)
cfn=(40)
calls=1 93 
* 34
* 1
+1 1
-1 1
-1 1
+2 1
+8 1
-1 1
+1 1
-1 4
+5 4
cfi=(17)
cfn=(40)
calls=1 93 
* 34
* 1
+2 1
-2 1
-1 1
+3 1
+7 1
+10 1
+9 1
-20 1
+12 1
-1 1
+3 1
+1 1
-1 1
+6 9
+1 10
+2 2
-12 1
+12 1
-14 1
+2 1
+3 1
-2 1
+3 1
-1 8
+1 3
+6 11
-1 2
+14 1
-11 1
+6 1
+1 1
+5 2
+4 3
+32 4
+8 3
cfi=(25)
cfn=(70)
calls=1 40 
* 95
* 2
+2 2
cfi=(10)
cfn=(20)
calls=1 28 
* 76
* 17
cfi=(18)
cfn=(46)
calls=1 61 
* 31
* 1
+17 3
-1 2
+3 1
+1 3
+1 1
-4 3
+2 26
+1 78
+1 26
-4 79
+8 1
cfi=(17)
cfn=(40)
calls=1 93 
* 34
* 1
+1 1
-2 1
+2 1
+6 7
cfn=(72)
calls=1 489 
* 920
+4 3
+6 1
+4 8
-72 1
-2 1
+2 2
+11 2
-46 2
+61 4

fn=(106)
916 33
+11 3
-11 3
+11 3
-11 9
+11 3
cfi=(26) /usr/src/debug/glibc-2.17-c758a686/elf/dl-debug.c
cfn=(76) _dl_debug_initialize
calls=3 51 
* 24
+4 9
-4 3
+4 3
cfi=(33) /usr/src/debug/glibc-2.17-c758a686/io/../sysdeps/unix/sysv/linux/wordsize-64/fxstat.c
cfn=(110) _fxstat
calls=3 36 
* 30
* 6
+11 21
+1 9
-1 27
+1 36
461 3
1633 24
960 6
+25 6
+10 6
+22 3
-89 3
+89 9
+35 21
cfi=(15) /usr/src/debug/glibc-2.17-c758a686/elf/dl-object.c
cfn=(32) _dl_new_object
calls=3 62 
* 1477
+1 3
-1 3
+1 3
+11 6
+5 3
-5 3
+1 6
+1 3
+2 3
-2 3
+2 12
+1 9
+1 3
+24 57
+8 3
-8 6
+8 3
-8 9
+8 3
+99 3
1095 3
1201 3
1096 3
-11 3
1201 6
+8 12
1103 45
-1 184
+1 133
+6 6
+1 9
+1 3
+9 30
+6 12
+1 6
-1 24
+7 24
+11 6
+2 6
-1 6
+4 6
-5 6
+1 6
-1 12
+2 6
-1 6
+2 6
+3 6
+4 6
-9 6
+2 6
+1 6
+1 6
+1 6
+4 6
+1 9
+5 6
-16 3
+16 15
+10 3
-10 6
-16 3
+16 15
+10 3
+3 3
+5 1
-1 1
+3 1
-1 1
-1 1
+1 1
+3 3
+1 2
+3 2
+4 4
+6 1
cfi=(27)
cfn=(140)
calls=1 52 
* 6
* 2
+1 1
+60 6
+1 9
+1 3
-6 6
+1 3
1114 2
+1 7
1262 9
+13 24
+2 6
+14 3
+5 18
cfi=(34) /usr/src/debug/glibc-2.17-c758a686/misc/../sysdeps/unix/sysv/linux/wordsize-64/mmap.c
cfn=(112) mmap
calls=3 32 
* 105
+4 3
-4 3
+4 3
+7 3
+1 3
-1 3
+1 3
+2 3
-3 3
+1 3
+2 3
+10 3
+2 3
+33 18
+1 9
+2 12
+8 24
+6 3
+2 3
-2 3
+1 3
+2 3
-1 3
+1 3
-1 9
+8 6
+3 6
+11 21
cfi=(36)
cfn=(116)
calls=3 30 
* 1998
+1 15
+5 6
+15 6
-74 30
+2 12
+2 24
cfi=(34)
cfn=(112)
calls=3 32 
* 93
* 6
1065 3
1421 12
+9 6
fi=(3) /usr/src/debug/glibc-2.17-c758a686/elf/get-dynamic-info.h
38 3
fe=(23)
1430 3
fi=(3)
38 3
+6 3
-2 3
+2 6
+7 3
+5 3
+3 3
-1 3
-3 3
-3 66
+10 15
-18 45
+8 58
+10 58
-18 174
+18 2
-18 6
+2 150
+5 68
+2 8
+16 6
+20 12
+1 12
+1 12
+1 12
+2 12
+5 12
+1 11
+1 11
+35 9
+5 2
+2 2
-2 2
+2 2
+2 4
+2 4
+1 1
+2 9
+10 2
-8 4
+9 4
-1 2
+5 4
+1 2
+2 6
fe=(23)
1436 6
+16 9
+19 6
+2 15
+51 9
+1 2
+3 2
cfi=(32)
cfn=(120) close
calls=1 81 
* 5
* 4
cfi=(32)
cfn=(120)
calls=2 81 
* 10
* 6
+8 15
+3 9
+2 3
-2 3
+2 3
+16 6
cfi=(6) /usr/src/debug/glibc-2.17-c758a686/elf/dl-lookup.c
cfn=(10) _dl_setup_hash
calls=3 865 
* 60
+4 6
+1 6
+17 6
+1 1
+3 1
+6 1
-6 1
+1 2
+5 1
-6 2
+6 2
-6 2
+1 4
+5 2
+10 6
+10 9
cfi=(15)
cfn=(48) _dl_add_to_namespace_list
calls=3 33 
* 132
+4 9
fi=(3)
56 8
fe=(23)
1317 3
-1 15
cfi=(35) /usr/src/debug////////glibc-2.17-c758a686/misc/../sysdeps/unix/syscall-template.S
cfn=(114) mprotect
calls=3 81 
* 15
* 3
fi=(3)
59 8
+1 2
+1 8
fe=(23)
1359 10
+2 2
-1 6
+1 4
-1 2
+1 4
-1 4
+3 8
+43 8
cfi=(34)
cfn=(112)
calls=1 32 
* 31
+3 2
1536 6
937 2

fn=(98)
419 9
+10 2
-10 1
+10 1
cfi=(25)
cfn=(70)
calls=1 40 
* 169
* 2
161 2
cfi=(10)
cfn=(20)
calls=1 28 
* 97
* 1
+1 2
cfi=(17)
cfn=(40)
calls=1 -69 
* 34
* 1
+2 2
444 1
167 2
444 6
167 2
cfi=(18)
cfn=(46)
calls=1 61 
* 56

fn=(128)
1945 16
+1 2
-1 10
+7 2
-7 2
+1 2
+6 4
+5 34
+74 2
-74 2
-7 2
-1 2
+82 2
-22 2
-52 2
+52 8
-40 2
-9 2
+9 4
-9 2
+9 2
+7 16
cfi=(18)
cfn=(68)
calls=4 61 
* 116
+1 4
-1 4
+1 12
-13 8
+33 16
-20 38
+3 32
+4 80
cfi=(18)
cfn=(68)
calls=10 61 
* 198
* 40
cfi=(18)
cfn=(68)
calls=10 61 
* 230
* 10
+3 10
+3 20
+3 70
cfn=(100)
calls=10 1681 
* 400
* 10
+2 30
+26 8
+2 6
+36 2
+27 16
-84 16
+1 72
+6 16
+2 24
-2 8
+2 8
cfi=(38) /usr/src/debug/glibc-2.17-c758a686/io/../sysdeps/unix/sysv/linux/wordsize-64/xstat.c
cfn=(130) _xstat
calls=8 36 
* 98
* 16
+1 2
+2 2
-2 2
+2 16
+7 4
-44 4
+37 12
+7 12
-44 14
+85 20
+7 4
-2 4
+2 12
+3 6
+14 6
-72 12

fl=(24)
fn=(66)
39 8
+2 1
-2 1
+3 1
-3 2
+3 1
-3 1
+2 3
+1 2
+9 1
-10 1
+10 2
+10 4
+42 1
+3 17
+1 1
-1 4
+30 2
+8 2
+2 3
+1 2
+1 2
+3 2
+7 1
-7 1
+1 1
+7 1
-1 1
+4 3
+1 1
-1 6
+1 1
+18 12
+1 4
cfi=(17)
cfn=(40)
calls=1 -89 
* 34
* 1
+1 1
-1 1
+1 4
+26 1
+3 1
-3 2
+3 1
+28 9
+1 2
-1 2
+1 6
-1 8
+5 6
+3 1
-3 1
+3 2
-3 1
+3 1
-3 2
+3 1
-3 1
+3 2
-3 1
+3 3
+1 12
+1 4
-1 4
+1 8
-2 4
+1 8
-1 14
+4 4
+3 1
+2 2
-1 1
-1 2
+2 10
+13 2
+1 1
-1 1
+3 2
-3 2
+1 1
-1 1
+3 2
+3 3
+3 9
-65 4
cfi=(18)
cfn=(68)
calls=1 61 
* 22
+1 2
-1 2
+1 1
cfi=(18)
cfn=(68)
calls=1 61 
* 22
* 4

fl=(19)
fn=(54)
134 631
+1 631
+1 631
+1 344
+1 344
+1 344
+1 344
cfn=(55) strcmp'2
calls=344 -6 
* 13265
+5 287
+1 287
+1 287
+1 287

fn=(55)
134 1853
+1 1853
+1 1853
+1 1656
+1 1656
+1 1656
+1 1656
cfn=(55)
calls=1509 -6 
* 62710
+2 147
+1 147
+2 197
+1 197
+1 197
+1 197

fl=(41) /usr/src/debug/glibc-2.17-c758a686/elf/dl-version.c
fn=(146) _dl_check_all_versions
381 6
+4 4
-2 2
+4 35
cfn=(148) _dl_check_map_versions
calls=5 174 
* 4429
-2 5
+2 15
-1 5
-1 10
+5 7

fn=(148)
174 45
+15 5
-15 10
+15 10
+2 5
+3 5
-3 5
+2 5
+1 5
+2 5
-3 5
+3 5
+3 12
+4 18
+17 3
56 3
220 3
56 3
220 3
56 15
220 1
56 1
220 1
56 1
220 1
56 5
+1 14
-1 28
+2 54
cfi=(31)
cfn=(96)
calls=18 304 
* 1240
* 40
228 12
+5 32
+20 3
-16 87
cfn=(150) match_symbol
calls=2 76 
* 391
* 15
cfn=(150)
calls=5 76 
* 919
* 7
+8 28
+3 29
+9 16
+5 1
+1 1
-80 2
-8 2
+96 15
+3 9
+10 28
-7 112
+3 84
-3 12
+3 9
+8 5
+86 5
-86 5
+87 8
-81 16
cfi=(17)
cfn=(36)
calls=4 102 
* 220
* 4
+1 4
-2 4
+2 4
+11 4
-3 4
+3 8
+2 12
+3 12
+4 12
+18 3
-15 9
+2 9
-2 12
+2 12
+2 7
+1 7
-1 14
+1 7
-1 7
+1 7
+1 7
-2 7
+2 14
+1 21
+3 21
+8 12
+5 1
+1 1
+4 12
+3 12
+20 28
-14 28
-2 28
+2 31
-2 3
+2 3
+4 28
+2 28
-1 56
+1 28
-1 84
+1 28
+1 28
+3 93
+10 4
-1 4
+1 28

fn=(150)
76 77
+9 7
-8 7
-1 14
+1 7
+8 7
+6 21
+18 14
+5 14
+14 114
+12 150
+4 50
-30 100
+16 7
+3 28
cfi=(19)
cfn=(54)
calls=7 +1 
* 623
* 14
+35 56

fl=(30) /usr/src/debug////////glibc-2.17-c758a686/setjmp/../sysdeps/x86_64/setjmp.S
fn=(90) __sigsetjmp
26 6
+9 6
+1 12
+1 6
+4 6
+1 6
+1 6
+1 6
+1 6
+2 12
+2 6
+1 6
+1 6
+2 12
+2 6
+4 6
+1 6

fl=(60) /usr/src/debug/glibc-2.17-c758a686/elf/dl-init.c
fn=(224) _dl_init
90 10
+5 1
-4 1
-1 1
+2 1
+3 2
+7 6
+28 3
+1 4
-97 3
+97 16
-97 12
+9 4
-3 8
+3 12
+5 9
+5 4
+8 4
+2 4
+4 8
cob=(2)
cfi=(16)
cfn=(258)
calls=1 -67 
* 6
cob=(3)
cfi=(62)
cfn=(238)
calls=1 -15 
* 148
+4 2
+1 4
+6 4
+2 4
-2 2
+3 12
+1 8
cob=(4)
cfi=(55)
cfn=(262)
calls=1 -82 
* 16
cob=(3)
cfi=(67)
cfn=(248)
calls=1 478 
* 1877
* 2
-1 8
+49 10
+4 1
+1 8
-86 4
-15 3
+9 1
-3 2
+3 3
+5 3
+5 2
+8 2
+2 2
+4 5
cob=(2)
cfi=(16)
cfn=(226)
calls=1 -67 
* 6
* 1
+4 1
+1 2
+6 2
+2 2
-2 1
+3 6
+1 4
cob=(5)
cfi=(61)
cfn=(230)
calls=1 -82 
* 17
* 1
-1 4
+17 2
-54 3

fl=(32)
fn=(102)
81 56
+1 4
+1 50

fn=(104)
81 12
+1 3

fn=(120)
81 16
+1 4

fn=(122) access
81 4
+2 5

fl=(29) /usr/src/debug/glibc-2.17-c758a686/elf/dl-error.c
fn=(86) _dl_catch_error
159 42
+9 6
+2 6
cfi=(2)
cfn=(88) _dl_initial_error_catch_tsd
calls=6 877 
* 12
* 6
+1 6
+2 12
-2 6
+2 6
cfi=(30)
cfn=(90)
calls=6 26 
* 120
+1 12
+2 12
+1 12
-1 6
+1 6
cfi=(37) /usr/src/debug/glibc-2.17-c758a686/elf/dl-deps.c
cfn=(126) openaux
calls=5 60 
* 13620
cfi=(2)
cfn=(92) map_doit
calls=1 704 
* 2592
+1 6
+4 6
-4 6
+1 12
+1 12
+1 12
+10 24

fn=(142) _dl_receive_error
197 10
+1 1
cfi=(2)
cfn=(88)
calls=1 877 
* 2
+5 1
-1 1
-4 1
+9 1
+2 1
-3 1
+3 1
cfi=(2)
cfn=(144) version_check_doit
calls=1 736 
* 4528
+2 1
+1 1
+1 8

fl=(39)
fn=(136) _dl_cache_libcmp
139 72
+1 52
+2 242
+2 121
-2 121
+2 4
+6 2
+2 2
-1 2
-1 2
+1 2
-1 2
+2 6
+2 10
+2 4
+6 238
+2 432
+4 97
+1 97
-29 194
+32 4
+1 4
-8 22
+8 44

fn=(218) _dl_unload_cache
316 4
-1 1
+3 2
cfi=(35)
cfn=(220) munmap
calls=1 81 
* 5
+1 1
+2 2

fn=(132)
185 18
+8 4
+3 6
+45 4
+6 2
-6 1
+6 2
+8 2
+20 2
-20 2
+7 2
-7 2
+20 2
-20 2
+7 4
-7 2
+7 2
+13 350
cfn=(136)
calls=22 139 
* 1632
* 100
-76 4
cfi=(31)
cfn=(134) _dl_sysdep_read_whole_file
calls=1 43 
* 94
+8 1
-8 1
+8 4
+1 4
cfi=(14)
cfn=(30)
calls=1 319 
* 112
* 2
+7 1
-3 1
+3 3
+3 1
+1 2
-1 1
+1 1
+1 3
cfi=(14)
cfn=(30)
calls=1 +99 
* 111
* 2
+2 2
+53 28
cfn=(136)
calls=2 139 
* 144
* 10
-12 6
+12 2
-12 4
-1 4
+13 46
+16 4
+4 4
+8 4
cfi=(10)
cfn=(20)
calls=2 28 
* 133
* 34
+1 2
-1 2
+1 4
cfi=(18)
cfn=(46)
calls=2 61 
* 54
+1 4
cfi=(40)
cfn=(138)
calls=2 40 
* 226
+1 16

fl=(33)
fn=(110)
36 4
-1 4
+1 4
+1 24
+4 4

fl=(2)
fn=(82) handle_ld_preload
970 9
+1 1
-76 1
+86 1
-11 2
-75 6
+80 3
fi=(28) /usr/src/debug/glibc-2.17-c758a686/elf/../string/bits/string2.h
+9 3
+1 5
-1 264
+1 132
+1 66
-2 66
+2 66
-2 199
+2 1
-2 3
fe=(2)
-5 3
+10 4
108 3
992 2
890 1
+5 5
-10 1
+4 1
+1 1
+1 1
+2 1
+2 1
cfi=(29)
cfn=(86)
calls=1 159 
* 2650
+1 2
+8 3
+89 1
-18 3
+21 9
-15 4
cfi=(18)
cfn=(46)
calls=1 61 
* 66
* 1
+1 3

fn=(52)
923 10

fn=(92)
704 2
+2 7
cfi=(23)
cfn=(94)
calls=1 2094 
* 2580
* 1
+2 2

fn=(24) dl_main
1005 10
+19 1
2598 1
1005 1
2598 1
1005 1
+19 1
+3 1
-22 2
+22 1
+4 2
+1 2
+5 2
2591 2
+7 1
-5 1
+5 4
+5 1
cfi=(12) /usr/src/debug/glibc-2.17-c758a686/elf/dl-tunables.c
cfn=(26) _dl_process_tunable_env_entries
calls=1 37 
* 295
* 1
-9 4
+11 2
cfi=(13) /usr/src/debug/glibc-2.17-c758a686/elf/dl-environ.c
cfn=(28) _dl_next_ld_env_entry
calls=1 30 
* 182
* 4
cfi=(13)
cfn=(28)
calls=2 30 
* 130
* 9
+4 48
+1 19
-1 57
+3 4
+6 16
2766 3
+30 3
1045 2
-2 1
+2 1
1241 7
cfi=(15)
cfn=(32)
calls=1 62 
* 244
* 1
+3 1
+1 1
+5 2
-5 1
+1 1
1014 1
1246 1
+4 1
cfi=(15)
cfn=(48)
calls=1 33 
* 34
* 3
+30 1
-3 1
-5 1
+1 1
+2 1
+5 6
+56 2
1011 1
1336 2
-55 24
-1 27
+1 47
-1 2
1383 3
+3 2
+2 2
+2 2
+13 2
+1 8
cfi=(19)
cfn=(54)
calls=1 134 
* 7
* 3
+11 1
-4 1
+1 1
-3 1
+6 1
+6 2
fi=(3)
29 1
+9 2
+6 1
-2 1
+2 2
+7 1
+5 1
+3 1
+2 1
-3 1
-3 1
-3 14
+10 3
-18 9
+8 21
+10 21
-18 63
+2 48
+5 12
+18 3
+67 3
+14 3
+18 2
fe=(2)
1426 2
cfi=(6)
cfn=(10)
calls=1 865 
* 14
+3 2
fi=(20) /usr/src/debug/glibc-2.17-c758a686/elf/setup-vdso.h
24 2
fe=(2)
1451 1
cfi=(21)
cfn=(60)
calls=1 45 
* 93
* 8
1285 3
+1 1
+90 2
+1 2
+1 1
-6 2
+1 1
-37 2
-1 2
+1 4
-1 2
+2 4
+1 1
+3 2
+1 2
-1 2
+1 2
+1 2
+1 6
+1 2
-45 1
+9 1
-9 1
+9 1
-7 1
+25 1
-25 1
-3 1
+10 1
-19 3
+1 1
2693 4
+1 4
cfi=(14)
cfn=(30)
calls=1 319 
* 120
* 2
+2 3
-57 4
cfi=(14)
cfn=(30)
calls=1 319 
* 26
* 2
+7 4
cfi=(14)
cfn=(30)
calls=1 319 
* 80
* 2
+2 3
1456 2
cfi=(23)
cfn=(64)
calls=1 710 
* 1965
+3 3
cfi=(26)
cfn=(76)
calls=1 51 
* 17
+7 1
-7 1
+2 1
+5 1
+3 3
+1 1
+3 1
-3 3
+1 2
+3 1
+5 1
-7 1
+7 1
+1 5
+4 1
+4 1
-2 4
+1 2
+1 3
+5 2
+1 6
+2 2
+1 2
+5 2
+6 4
+1 2
-2 1
1020 1
1688 1
cfi=(27)
cfn=(78)
calls=1 111 
* 4
* 1
+8 3
+3 2
+4 3
+7 1
+4 3
+19 3
+16 3
cfi=(32)
cfn=(122)
calls=1 81 
* 9
* 2
+77 4
+17 3
+1 1
-1 1
+1 2
-1 1
+1 5
cfi=(37)
cfn=(124) _dl_map_object_deps
calls=1 147 
* 16342
+1 1
+5 1
-5 3
+2 2
+3 4
+1 4
-1 2
+1 16
-1 8
+4 3
+1 3
+1 1
+2 2
+1 5
-1 5
+1 6
-1 9
-28 11
168 2
1872 1
-1 2
+1 1
+2 1
+2 3
+2 1
-4 1
+4 2
+15 2
+1 3
+13 1
-2 1
+2 1
-2 1
+2 1
-1 1
-1 2
+2 1
cfi=(29)
cfn=(142)
calls=1 197 
* 4558
+10 1
+1 1
-1 1
+1 1
+1 1
cfn=(152) init_tls
calls=1 803 
* 626
* 1
+2 2
932 1
fi=(113) /usr/src/debug/glibc-2.17-c758a686/elf/../sysdeps/unix/sysv/linux/dl-osinfo.h
86 2
fe=(2)
934 1
fi=(113)
112 1
fe=(2)
943 1
+7 1
-5 1
1926 2
2159 3
+56 1
+4 1
+7 1
-11 1
+4 3
+4 2
+3 1
+8 2
+99 4
+2 1
+5 2
cfi=(27)
cfn=(214)
calls=1 443 
* 254
+4 2
+16 2
+29 1
cfi=(7) /usr/src/debug/glibc-2.17-c758a686/elf/../elf/dl-sysdep.c
cfn=(216) _dl_sysdep_start_cleanup
calls=1 251 
* 1
+4 3
+20 3
cfi=(26)
cfn=(76)
calls=1 51 
* 8
+1 1
-1 1
+2 1
cfi=(26)
cfn=(80) _dl_debug_state
calls=1 75 
* 1
+1 1
+4 1
cfi=(39)
cfn=(218)
calls=1 316 
* 15
+5 8
1445 3
1735 3
+1 1
-1 2
+1 1
cfn=(82)
calls=1 970 
* 3594
* 1
+1 4
+2 3
-31 2
+1 1
cfi=(26)
cfn=(80)
calls=1 75 
* 1
* 1
2360 2
+15 1
+3 1
-3 1
+3 1
-3 2
+3 2
-3 1
+2 1
+1 1
cfi=(42) /usr/src/debug/glibc-2.17-c758a686/elf/dl-reloc.c
cfn=(158) _dl_relocate_object
calls=1 148 
* 9154
+1 4
+2 3
2209 1
1013 2
1869 2
2280 3
+7 1
+2 11
+2 1
+2 15
+5 10
+2 10
+8 5
-2 5
+2 10
+1 32
cfi=(42)
cfn=(158)
calls=4 148 
* 121415
+4 17
-22 14
+25 4
+2 1
+6 1
-6 1
+6 1
1830 6
+1 1
-1 2
+4 1
+1 1
-1 1
+2 2
2302 1
+1 1
-3 2
+14 2
cfi=(27)
cfn=(188)
calls=1 879 
* 24
* 1

fn=(50)
917 10

fn=(88)
877 14

fn=(152)
803 1
-1 1
-6 1
+2 2
+4 1
+10 2
-4 1
+4 2
cfi=(17)
cfn=(36)
calls=1 102 
* 43
* 1
-1 1
+6 1
-9 1
+11 1
+6 1
-1 1
+1 12
+2 10
+4 1
+2 1
-2 2
-5 10
+12 1
cfi=(27)
cfn=(154)
calls=1 144 
* 56
+7 1
cfi=(27)
cfn=(156)
calls=1 349 
* 455
+1 1
-1 1
+1 1
+6 1
+8 1
-8 1
+8 6
+4 2
+3 2

fn=(144)
736 2
+2 4
cfi=(41)
cfn=(146)
calls=1 381 
* 4518
* 2
+4 2

fn=(2) _dl_start
441 9
+18 4
fi=(3)
44 1
fe=(2)
459 1
fi=(5) /usr/src/debug/glibc-2.17-c758a686/elf/../sysdeps/x86_64/dl-machine.h
59 3
fi=(3)
-15 1
fe=(2)
488 1
-3 1
fi=(3)
44 1
+17 2
-3 1
-7 1
+5 1
+3 1
+2 1
-3 1
-3 1
-3 2
-5 28
+15 14
-18 42
+18 1
-18 3
+2 40
+5 24
+1 20
+10 5
-18 15
+25 2
+20 4
+1 4
+1 4
+1 4
+2 4
+5 4
+1 4
+1 4
fe=(2)
621 34
fi=(4) /usr/src/debug/glibc-2.17-c758a686/elf/do-rel.h
111 1
-28 1
+28 2
fi=(5)
497 3
fi=(4)
111 2
fi=(5)
497 1
fi=(4)
111 1
fi=(5)
497 27
fi=(4)
111 18
fi=(5)
497 9
fi=(4)
111 9
+13 1
fi=(5)
309 1
fi=(4)
124 2
+13 1
+2 2
-2 1
fi=(5)
263 1
fi=(4)
137 1
fi=(5)
291 1
fi=(4)
137 2
fi=(5)
291 1
fi=(4)
137 7
+2 14
-2 7
fi=(5)
263 7
fi=(4)
137 7
fi=(5)
291 7
fi=(4)
137 14
fi=(5)
291 7
+9 16
+3 8
-3 16
+3 24
+6 48
fi=(3)
53 4
+3 4
+3 4
+1 1
+1 2
fe=(2)
378 1
623 1
378 1
cfi=(6)
cfn=(10)
calls=1 865 
* 23
+1 2
+1 2
+1 2
+1 2
+20 1
+9 1
-9 3
+9 1
-6 1
-3 1
+9 1
cfi=(7)
cfn=(12) _dl_sysdep_start
calls=1 86 
* 161003
* 1
+9 4
+3 1
+4 1
-4 1
+4 1
648 9
fi=(5)
398 8
+9 8
fi=(4)
124 25
fe=(2)

fl=(42)
fn=(158)
148 50
+15 5
-15 10
+15 5
+1 20
+6 10
+6 15
-18 6
+22 6
+8 10
-33 5
+78 5
fi=(5)
76 5
fe=(42)
233 10
fi=(5)
76 15
fe=(42)
259 224
159 15
fi=(5)
298 24
fe=(42)
-39 3
fi=(4)
48 3
fe=(42)
259 3
fi=(4)
58 3
fe=(42)
259 3
fi=(4)
47 6
+11 6
fe=(42)
259 2
159 10
fi=(5)
298 16
fe=(42)
-39 2
fi=(4)
48 2
fe=(42)
259 2
fi=(4)
58 2
fe=(42)
259 2
fi=(4)
47 4
+11 4
fe=(42)
259 5
fi=(4)
48 5
fe=(42)
259 5
fi=(4)
58 5
fe=(42)
259 5
fi=(4)
47 10
+11 10
+3 12
fi=(5)
507 60
+4 60
+2 90
+1 30
fi=(4)
61 123
+2 126
+2 38
-4 3
+13 6
+1 5
+1 24
fi=(5)
507 12
+24 12
fi=(4)
75 12
fi=(5)
531 12
+2 12
cob=(4)
cfi=(55)
cfn=(212)
calls=1 0 
* 8
cob=(4)
cfi=(55)
cfn=(210)
calls=1 0 
* 8
cob=(4)
cfi=(57)
cfn=(208)
calls=1 16 
* 5
cob=(4)
cfi=(59)
cfn=(206)
calls=1 25 
* 5
cob=(4)
cfi=(58)
cfn=(204)
calls=1 25 
* 5
cob=(4)
cfi=(57)
cfn=(202)
calls=1 10 
* 5
cob=(4)
cfi=(56)
cfn=(200)
calls=1 25 
* 5
cob=(4)
cfi=(55)
cfn=(198)
calls=1 0 
* 8
cob=(4)
cfi=(54)
cfn=(196)
calls=1 8 
* 5
cob=(4)
cfi=(53)
cfn=(194)
calls=1 25 
* 5
cob=(4)
cfi=(52)
cfn=(192)
calls=1 20 
* 8
cob=(4)
cfi=(51)
cfn=(190)
calls=1 15 
* 8
fi=(4)
75 12
fi=(5)
534 12
fi=(4)
75 14
fe=(42)
259 3
fi=(4)
75 9
fe=(42)
259 27
+3 15
+24 5
+3 10
+17 15
+2 40
fi=(4)
84 7
+2 14
+12 7
-15 7
+15 7
-15 7
+15 7
+10 10
+3 13
fi=(5)
497 9
fi=(4)
111 12
fi=(5)
497 3582
fi=(4)
111 4776
+7 21
+3 6
+3 6
-3 6
+3 6
-74 4
fi=(5)
424 4
fi=(4)
51 4
fi=(5)
424 16
fi=(4)
127 496
+9 234
+3 234
fi=(5)
266 117
fi=(4)
138 117
-2 117
+1 468
fi=(5)
266 117
+21 234
+4 234
+7 1518
fi=(4)
137 91
fi=(5)
298 182
fi=(4)
137 91
fi=(5)
298 91
fi=(4)
138 91
fi=(5)
298 182
fi=(4)
137 91
fi=(5)
298 283
fi=(4)
137 10
fi=(5)
298 20
fi=(4)
137 10
fi=(5)
298 10
fi=(4)
138 10
fi=(5)
298 20
fi=(4)
137 10
fi=(5)
298 1242
cfi=(6)
cfn=(164) _dl_lookup_symbol_x
calls=101 716 
* 104692
* 404
+2 312
+3 109
-3 218
+3 327
+6 819
fe=(42)
177 10
+1 2
+2 4
+79 10
fi=(5)
82 6
+4 9
+14 3
-8 3
+8 6
+20 6
+11 12
417 300
fi=(4)
124 384
+19 8
+1 26
+1 21
+3 14
+4 14
-1 7
-3 7
+1 7
+1 7
-1 14
fi=(5)
298 28
+2 7
+3 7
-3 7
+3 21
470 14
+1 7
cob=(3)
cfi=(50)
cfn=(186)
calls=1 0 
* 15
cob=(3)
cfi=(49)
cfn=(184)
calls=1 30 
* 22
cob=(3)
cfi=(48)
cfn=(182)
calls=1 27 
* 8
cob=(3)
cfi=(44)
cfn=(180)
calls=1 120 
* 5
cob=(3)
cfi=(47)
cfn=(178)
calls=1 30 
* 5
cob=(3)
cfi=(45)
cfn=(174)
calls=1 36 
* 22
cob=(3)
cfi=(44)
cfn=(172)
calls=1 100 
* 5
+1 14
298 39
fi=(4)
129 26
fi=(5)
298 20
+91 39
+4 65
+5 65
-71 2
+1 3
453 9
+4 18
cfi=(18)
cfn=(46)
calls=3 61 
* 54
+2 9
+1 3
fi=(4)
108 3
fe=(42)
314 10
+1 5
+1 5
-1 5
-1 10
+2 5
+3 10
+1 15
cfi=(35)
cfn=(114)
calls=5 81 
* 25
* 10
fi=(5)
124 12
-2 6
298 14
fi=(4)
129 3
+31 8
+2 20
+8 10
+1 5
-1 5
+1 5
fi=(5)
+95 5
fi=(4)
-96 10
fi=(5)
+96 5
+21 10
+4 10
+7 135
cfi=(6)
cfn=(164)
calls=5 716 
* 5414
* 20
+2 15
+3 1
-3 2
+3 3
+6 35
417 15
fi=(4)
160 15
+14 5
fi=(5)
298 95
fe=(42)

fl=(7)
fn=(216)
251 1

fn=(12)
86 7
+25 1
-1 1
+1 1
-25 1
+25 147
+6 1
-3 1
+1 1
-4 1
+3 1
+3 4
+1 6
-1 3
-29 1
-1 2
+31 108
-1 86
fi=(21)
-82 2
cfi=(8)
cfn=(14)
calls=1 -4 
* 12
fi=(5)
220 5
+4 1
cfi=(9) /usr/src/debug/glibc-2.17-c758a686/elf/../sysdeps/x86/cpu-features.c
cfn=(18) init_cpu_features.constprop.0
calls=1 39 
* 115
fe=(7)
+2 3
+1 1
cfi=(10)
cfn=(20)
calls=1 28 
* 41
* 1
+2 2
cfi=(11) /usr/src/debug/glibc-2.17-c758a686/elf/../misc/sbrk.c
cfn=(22) sbrk
calls=1 34 
* 17
* 3
+12 3
+3 6
cfi=(2)
cfn=(24)
calls=1 1005 
* 160391
+2 9
-67 1
+1 1
-29 1
+1 1
+11 1
+1 1
-7 1
+1 1
-4 1
+1 1
-25 1
+1 1
-4 1
+1 1
-7 1
+1 1
+2 1
+1 1

fl=(37)
fn=(126)
60 10
+7 5
-4 15
+1 5
-1 5
+1 5
-1 25
cfi=(23)
cfn=(94)
calls=5 2094 
* 13535
* 5
+5 10

fn=(124)
147 1
+1 1
-1 2
+1 1
-1 1
+1 1
-1 1
+1 2
-1 4
+1 2
-1 1
+1 2
-1 1
+1 10
+15 1
-15 1
+16 1
-2 1
+1 1
-15 1
+16 1
+6 3
+10 1
-10 1
+10 3
-14 1
-4 1
+2 1
+17 1
-17 1
-2 2
+2 1
-2 1
+2 1
-2 1
+1 1
+1 1
+6 3
+10 1
-10 1
+10 3
-16 4
+20 1
+21 1
+1 1
-22 2
+19 1
-12 1
+15 1
-16 1
+13 1
347 9
215 1
+4 1
-8 1
+8 2
-4 4
+4 4
-8 4
+8 8
+12 15
+2 6
+6 3
-6 3
+6 3
+1 3
+4 3
-4 3
+1 3
+3 3
-6 3
+3 3
+3 9
-32 3
+32 6
+50 10
+1 9
-51 316
+1 158
+6 25
cfi=(25)
cfn=(70)
calls=5 40 
* 391
* 10
+5 25
-3 5
+3 5
cfi=(29)
cfn=(86)
calls=5 -97 
* 13910
+2 15
+15 5
+2 10
+5 18
+6 3
+4 3
-10 6
+3 3
+1 3
+6 3
-5 3
+1 3
+4 3
-2 3
+2 6
-2 9
-57 8
-19 2
475 10
+2 9
+3 6
-1 3
cfi=(17)
cfn=(40)
calls=3 93 
* 102
* 3
+2 3
-2 3
+2 3
+3 3
+1 15
-1 3
+1 3
cfi=(18)
cfn=(46)
calls=3 61 
* 68
+1 15
cfi=(18)
cfn=(46)
calls=3 61 
* 68
+4 3
-1 3
+5 36
+3 12
-1 5
+1 10
204 1
501 6
+1 2
+3 6
+11 4
-1 1
cfi=(17)
cfn=(40)
calls=1 93 
* 34
* 1
+3 1
-3 1
+3 2
+5 7
+1 4
+2 11
+6 12
+4 4
-10 4
+10 4
-10 9
+6 3
+4 1
-10 1
+10 1
-10 3
+13 2
+53 4
+43 19
+1 2
-1 1
-1 1
+2 1
cfi=(36)
cfn=(116)
calls=1 30 
* 16
* 10
+11 1
-6 1
-1 1
+1 1
+6 2
-11 9
+11 3
-6 3
-1 3
+1 3
+6 9
+2 12
+1 6
-1 12
+1 9
+3 21
-1 30
+23 6
-28 12
+31 12
+3 30
cfi=(36)
cfn=(116)
calls=3 30 
* 30
* 17
219 10
+1 22
+2 3
+2 9
+2 22
+71 222
688 2
+2 1
+1 1
-1 1
+9 3
+3 2
+3 8
-42 3
-35 10
cfi=(18)
cfn=(46)
calls=1 61 
* 42
+2 4
226 26

fl=(18)
fn=(68)
61 32
+4 32
+3 32
+1 32
+2 13
+1 13
+2 13
+1 13
+5 13
+1 13
-1 19
+1 19
+2 19
+1 19
+2 19
+1 19
+5 19
+1 19
-1 13
+1 13
+2 12
+1 12
+2 12
+1 12
+5 12
+1 12
-1 20
+1 20
+2 18
+1 18
+2 18
+1 36
+5 18
+1 18
-1 14
+1 17
+5 3
+1 3
+1 3
+1 3
+2 3
+2 3
+1 3
+2 3
+6 32
+4 32
+12 1
+2 1
+1 1
+26 1
+1 1
+3 1
+1 1
+1 1
+5 1
+2 1
+1 1
+1 1
+1 1
+2 1
+1 1
+1 1
+1 1
+2 1
+1 1
+2 1
+2 1
+2 1
+1 1
+1 1
+1 1
+2 1
+1 1
+1 1
+1 1
+2 1
+1 1
+2 3
+5 1
+2 1

fn=(46)
61 21
+2 21
+2 21
+3 20
+1 20
+2 5
+1 5
+2 5
+1 5
+5 5
+1 5
-1 15
+1 15
+2 2
+1 2
+2 2
+1 4
+5 2
+1 2
-1 18
+1 18
+2 3
+1 3
+2 3
+1 3
+5 3
+1 3
-1 17
+1 17
+2 11
+1 11
+2 11
+1 11
+5 11
+1 11
-1 9
+1 18
+5 9
+1 9
+1 9
+1 9
+2 9
+2 9
+1 9
+2 9
+8 20
+8 4
+6 4
+2 4
+1 4
+3 1
+1 3
+5 1
+1 1
+2 1
+2 1
+1 1
+2 1
-8 2
+1 2
+2 2
+2 2
+1 2
+2 4
+9 1
+1 1
-1 3
+1 3
+3 4
+1 4
+1 4
+5 4
+2 4
+1 4
+1 4
+1 4
+2 4
+1 4
+1 4
+1 4
+2 4
+1 4
+2 4
+2 3
+2 3
+1 3
+1 3
+1 3
+2 3
+1 3
+1 3
+1 3
+2 3
+1 3
+2 9
+5 3
+6 3
+1 3
-7 1
+6 1
+1 1
+2 1

fl=(1) ???
fn=(0) 0x0000000000000ff0
0 2
cfi=(2)
cfn=(2)
calls=1 441 
0 161683
0 14
cfi=(60)
cfn=(224)
calls=1 90 
0 2304
0 3
cob=(6)
cfi=(69)
cfn=(272)
calls=1 0 
0 176240865685

fl=(6)
fn=(10)
865 15
+4 3
+4 6
+2 3
-1 3
+4 3
+4 3
-4 3
+1 6
+2 3
-2 3
+3 3
+2 3
+1 3
+1 12
+1 3
+3 6
+2 2
+2 2
+2 2
+1 2
+1 2
-4 2
+4 4

fn=(166) do_lookup_x
82 1035
+1 115
-6 115
+5 345
-5 805
+11 115
+1 115
233 115
-3 115
+3 115
-3 345
98 115
-3 115
+1 115
+2 115
+3 115
-3 115
+3 115
-3 350
-3 350
+1 350
+2 350
+3 350
-3 350
+3 350
+4 954
+4 924
+4 924
+7 1386
+4 924
+1 1386
226 462
+1 924
+4 480
-2 240
+5 960
+4 480
-1 480
+1 240
-1 480
+21 142
+24 718
462 1965
+1 335
cfi=(31)
cfn=(96)
calls=67 304 
* 3139
* 402
+3 1086
+3 24
287 764
+4 251
+13 103
+1 103
-1 103
+1 103
+1 103
470 920
241 408
-1 204
+2 204
+2 303
+10 291
-7 975
+2 196
+1 392
-1 588
+1 294
cfn=(170) check_match.9524
calls=98 132 
* 15601
+1 490
+11 1316
+6 1126
+2 2636
-2 659
+2 659
-2 659
+4 4648
cfn=(170)
calls=664 132 
* 21717
+1 3325
-10 115
fi=(43) /usr/src/debug/glibc-2.17-c758a686/elf/../sysdeps/generic/dl-hash.h
32 115
-1 115
+1 575
+2 230
+1 345
+2 230
+1 345
+2 230
+1 345
+2 110
+1 110
-1 110
+2 330
+3 2838
+1 1892
+13 1892
-17 2838
+22 660
fe=(6)
263 220
fi=(43)
67 25
fe=(6)
263 10

fn=(170)
132 5334
+1 1524
+2 1524
+2 1119
-2 746
+12 1119
+3 1950
cfi=(19)
cfn=(54)
calls=301 -16 
* 5284
* 602
+5 103
-1 103
+1 103
-1 103
+1 103
+2 204
+19 204
+1 816
+46 618
-18 2
+2 2
+1 4
-1 2
+1 1
-1 2
+9 270
+7 3954
-45 306
cfi=(19)
cfn=(54)
calls=102 -44 
* 8863
* 408
-43 778
+81 1167

fn=(164)
716 1380
477 115
716 230
477 345
-1 230
+2 115
-1 115
+1 345
-1 345
+1 1401
-1 1401
+1 4203
-1 4433
718 115
+4 115
+9 115
-13 115
+15 115
-14 230
+14 115
-2 115
+6 920
+2 1495
cfn=(166)
calls=115 82 
* 98466
+3 230
+3 12
-8 48
-7 230
+40 230
+24 103
+1 721
+26 103
+9 515
+14 309
+3 412
+5 103
+2 920
-82 84
+18 12
+1 24
+54 2

fl=(11)
fn=(22)
34 4
+8 6
+4 2
+11 5

fl=(38)
fn=(130)
36 8
-1 8
+1 8
+1 48
+4 2
-4 24

fl=(14)
fn=(30)
319 17
+3 17
-3 85
+4 17
-4 17
+7 34
+4 15
+2 1
+1 1
+1 1
+1 1
+2 2
-5 1
+1 1
+1 1
+1 1
+2 2
+2 2
-9 6
+16 5
+1 10
-1 10
133 14
-18 6
350 4
+4 3
+2 3
-2 6
+1 3
+5 30
+2 13
+1 13
+1 13
+3 143
-3 81
-2 81
+1 81
+4 162
-7 182
+12 12
+1 136
232 3
-7 3
+1 3
+4 3
+2 3
-6 3
+4 3
+2 15
-95 2
+1 2
+1 2
+1 2
+1 2
+48 2
-2 2
+1 2
+1 14
-80 2
+1 4
+4 4
-5 8
+1 16
+4 18
238 3
+2 3
-4 3
+1 3
+4 3
-2 3
+56 6
-2 3
+2 6
-1 3
+1 6
+1 6
+12 18
+1 6
-6 6

fl=(9)
fn=(18)
39 1
+7 1
-7 5
+7 1
-7 1
+10 1
-3 1
+3 5
182 2
+1 7
+7 3
+4 2
+2 4
+41 2
+4 4
+1 2
+3 1
+2 1
-2 3
+2 2
+3 2
+51 1
+1 1
+1 1
+1 8
200 2
+1 1
+6 3
+5 3
+16 2
+3 2
60 1
-31 2
+4 1
-4 1
+5 1
-1 1
+31 1
-30 1
+30 1
-31 1
+27 2
-26 1
+30 1
+1 1
-36 2
+3 1
+28 1
+5 1
+5 1
-17 1
+17 1
+3 1
+1 8
+35 1
-56 1
+56 1
+22 1
-78 1
+78 2

fl=(12)
fn=(26)
37 1
-8 1
+8 1
+1 4
+4 95
+1 1
-1 4
+3 2
+12 46
-19 138
+22 2

fl=(22)
fn=(62)
81 4
+1 1

fl=(25)
fn=(70)
40 10
+1 10
+1 10
+1 10
+1 7
+1 7
+3 7
+1 7
+1 7
-2 31
+1 31
+1 31
+1 38
+1 38
+1 38
+1 38
+1 38
+9 10
+1 10
+1 10
+2 20
+32 10
+1 10
+1 10
+1 10
+2 10
+3 10
-8 2
+1 2
+1 2
+1 2
+2 2
+3 2
+1 12
+1 12
+1 12
+2 12
+5 11
+1 11
+1 11
+3 11
+1 10
+1 10
+1 10
+2 10
+3 6
+1 6
+1 6
+1 6
+2 6
+3 6
+1 6
+1 6
+1 6
+2 6
+5 6
+1 6
+1 6
+3 6
+1 6
+1 6
+1 6
+2 6
+2 3
+1 3
+1 3
+1 3
+2 3
+3 3
+1 3
+1 3
+1 3
+2 3
+5 3
+1 3
+1 3
+3 3
+1 2
+1 2
+1 2
+2 2
+2 2
+1 2
+1 2
+1 2
+2 2
+3 2
+1 2
+1 2
+1 2
+2 2
+5 2
+1 2
+1 2
+3 2
+1 2
+1 2
+1 2
+2 2
+4 9
+1 9
+11 1
+1 1
+1 1
+1 1
+47 1
+1 1

fl=(71) /usr/src/debug/glibc-2.17-c758a686/elf/../elf/dl-runtime.c
fn=(282) _dl_fixup
68 18
+6 18
-6 9
+3 9
-1 9
+1 9
+3 9
+1 9
-1 18
+1 27
+1 9
-1 9
+1 18
+9 18
+4 27
+4 18
+1 36
+2 36
+7 27
-1 9
+11 81
cfi=(6)
cfn=(164)
calls=9 716 
* 10526
* 9
+4 27
+10 54
+16 9
-8 9
+8 27
+4 27
fi=(5)
+85 9
fe=(71)
-81 27
fi=(102) /usr/src/debug/glibc-2.17-c758a686/elf/../sysdeps/x86_64/dl-irel.h
32 1
cob=(3)
cfi=(103)
cfn=(500)
calls=1 * 
* 11
* 1
fe=(71)

fl=(15)
fn=(32)
62 44
+1 4
-1 8
+1 4
cfi=(10)
cfn=(20)
calls=4 -35 
* 228
+6 4
-6 12
+6 44
+7 16
cfi=(17)
cfn=(36)
calls=4 +26 
* 225
* 4
+3 4
-3 4
+3 4
+4 4
+5 4
-6 4
+6 4
-5 4
+5 4
-1 8
+1 4
cfi=(18)
cfn=(46)
calls=4 -27 
* 120
* 4
+4 4
-2 4
+3 4
-1 4
+1 16
+3 4
-3 4
+3 4
+9 4
-7 4
+4 4
+3 9
+2 2
-2 2
+2 30
-2 30
+12 4
+6 4
-5 4
-1 4
+6 12
-2 4
+2 8
+2 9
+3 9
+4 9
+4 9
+2 1
+6 1
+3 2
+3 5
-3 6
+3 15
+2 3
+4 3
-4 3
cfi=(10)
cfn=(20)
calls=3 28 
* 165
* 6
+4 3
-4 3
+4 9
+64 6
+4 32
-88 9
-39 9
+39 3
+70 9
cfi=(18)
cfn=(68)
calls=3 61 
* 108
* 3
+5 50
+1 50
-1 50
+1 53
-1 3
+1 9
+5 6
-57 6
cfi=(17)
cfn=(40)
calls=3 -67 
* 102
* 3
+1 3
-1 3
+1 9

fn=(48)
33 8
+2 4
-2 12
+2 4
cfi=(2)
cfn=(50)
calls=4 917 
* 8
+2 29
+4 6
-1 27
+2 3
+2 3
+4 3
+4 3
-4 6
+1 6
+1 6
+2 3
+1 9
-1 3
cfi=(2)
cfn=(52)
calls=3 923 
* 6
-4 1
+4 1
-4 2
+1 2
+1 2
+2 1
+1 3
-1 1
cfi=(2)
cfn=(52)
calls=1 923 
* 2
-5 2

fl=(31)
fn=(134)
43 1
+7 1
-7 3
+7 1
-7 1
+1 1
-1 2
+7 1
cfi=(32)
cfn=(102)
calls=1 +31 
* 5
+1 1
-1 1
+1 1
+2 4
cfi=(33)
cfn=(110)
calls=1 -17 
* 10
* 2
+2 1
+3 1
-3 1
+3 1
+13 2
cfi=(32)
cfn=(120)
calls=1 +10 
* 5
+3 7
-14 6
cfi=(34)
cfn=(112)
calls=1 -28 
* 33
* 2

fn=(96)
304 515
+1 206
cfi=(19)
cfn=(54)
calls=103 134 
* 728
* 103
+1 103
-1 103
+3 103
+2 206
+4 104
-4 208
+1 333
cfi=(19)
cfn=(54)
calls=111 134 
* 2072
* 222
-5 7
+11 131
-1 96
+1 384

fl=(35)
fn=(114)
81 32
+1 8

fn=(220)
81 4
+1 1

fl=(70)
fn=(280)
71 1
+3 1
+2 1
+10 1
+6 1
+1 1
+1 1
+1 1
+1 1
+1 1
+1 1
+4 1
+1 1
+3 1
+1 1
+2 1
+1 1
+1 1
+1 1
+1 1
+1 1
+2 1
+13 1
+1 1
+1 1
cfi=(71)
cfn=(282)
calls=1 -63 
* 1490
+1 1
+5 1
+1 1
+1 1
+2 1
+1 1
+1 1
+1 1
+1 1
+1 1
+1 1
+2 1
+2 1
+4 1
+3 1

fn=(281)
71 8
+3 8
+2 8
+10 8
+6 8
+1 8
+1 8
+1 8
+1 8
+1 8
+1 8
+4 8
+1 8
+3 8
+1 8
+2 8
+1 8
+1 8
+1 8
+1 8
+1 8
+2 8
+13 8
+1 8
+1 8
cfi=(71)
cfn=(282)
calls=8 -63 
* 9670
+1 8
+5 8
+1 8
+1 8
+2 8
+1 8
+1 8
+1 8
+1 8
+1 8
+1 8
+2 8
+2 8
+4 8
+3 8

fl=(17)
fn=(36)
102 10
+7 30
-3 10
+3 20
+4 10
cfn=(40)
calls=10 -20 
* 441
* 10

fn=(74)
340 3
+1 6
+4 64
+7 156
-2 106
+4 2
+6 26
-15 79
+18 1
+4 1
-4 1
+4 2
-11 2
+1 1

fn=(40)
93 26
+1 52
cfn=(44)
calls=26 -43 
* 881
* 26

fn=(44)
51 108
+1 133
+11 26
+1 26
-1 26
+3 26
-3 26
+3 52
-3 1
+1 1
-1 1
+3 1
-3 1
+3 98
+4 12
+1 9
+6 21
cfi=(34)
cfn=(112)
calls=3 -45 
* 99
+2 15
+4 9
+3 3
+1 3
+2 15
-3 24
+1 24
+2 192
-31 3
+1 1
-2 3

fl=(10)
fn=(20)
28 18
+1 18
+1 18
+1 18
+2 10
+1 10
+2 10
+1 10
-1 31
+1 31
+1 40
+1 40
+1 40
+2 34
+5 17
+1 17
+1 17
+1 17
+3 17
-6 6
+1 6
+1 6
+1 6
+3 6
+1 19
+1 19
+1 19
+2 19
+3 15
+1 15
+1 15
+1 15
+3 15
+1 14
+1 14
+1 14
+2 14
+3 11
+1 11
+1 11
+1 11
+3 11
+1 6
+1 6
+1 6
+2 6
+3 6
+1 6
+1 6
+1 6
+3 6
+1 6
+1 6
+1 6
+2 6
+3 17
+2 17
+1 17
+1 13
+2 13
+1 13
+1 12
+2 12
+1 12
+1 10
+2 10
+1 10
+1 6
+2 6
+2 6
+1 6
+1 4
+2 4
+1 4
+1 2
+2 2
+1 2
+1 1
+2 1
+1 1
-1 17
+1 17

fl=(34)
fn=(112)
32 11
+1 11
-1 99
+1 27
+1 110
+2 77
-3 26

fl=(13)
fn=(28)
30 3
+3 11
+2 92
+11 44
-13 132
-2 1
+19 1
-14 20
+5 2
-3 2
+3 2
+2 2

fl=(26)
fn=(80)
75 2

fn=(76)
51 10
+5 8
+5 2
-1 1
+1 2
+1 2
-1 2
-9 5
+4 10
+4 1
-1 1
-59 5

totals: 176241029691
